1
2
2034
0.173212 0.264672
0.173212 0.264672
0.173212 0.264672
0.2 0.27
0.2 0.27
0.2 0.27
0.150503 0.249497
0.150503 0.249497
0.150503 0.249497
0.135328 0.226788
0.135328 0.226788
0.135328 0.226788
0.13 0.2
0.13 0.2
0.13 0.2
0.135328 0.173212
0.135328 0.173212
0.135328 0.173212
0.150503 0.150503
0.150503 0.150503
0.150503 0.150503
0.173212 0.135328
0.173212 0.135328
0.173212 0.135328
0.2 0.13
0.2 0.13
0.2 0.13
0.226788 0.135328
0.226788 0.135328
0.226788 0.135328
0.249497 0.150503
0.249497 0.150503
0.249497 0.150503
0.264672 0.173212
0.264672 0.173212
0.264672 0.173212
0.27 0.2
0.27 0.2
0.27 0.2
0.264672 0.226788
0.264672 0.226788
0.264672 0.226788
0.249497 0.249497
0.249497 0.249497
0.249497 0.249497
0.226788 0.264672
0.226788 0.264672
0.226788 0.264672
0.129289 0.129289
0.129289 0.129289
0.129289 0.129289
0.161732 0.107612
0.161732 0.107612
0.161732 0.107612
0.2 0.1
0.2 0.1
0.2 0.1
0.238268 0.107612
0.238268 0.107612
0.238268 0.107612
0.270711 0.129289
0.270711 0.129289
0.270711 0.129289
0.292388 0.161732
0.292388 0.161732
0.292388 0.161732
0.3 0.2
0.3 0.2
0.3 0.2
0.292388 0.238268
0.292388 0.238268
0.292388 0.238268
0.270711 0.270711
0.270711 0.270711
0.270711 0.270711
0.238268 0.292388
0.238268 0.292388
0.238268 0.292388
0.2 0.35
0.2 0.35
0.2 0.35
0.142597 0.338582
0.142597 0.338582
0.142597 0.338582
0.093934 0.306066
0.093934 0.306066
0.093934 0.306066
0.05 0.28
0.05 0.28
0.05 0.28
0.05 0.2
0.05 0.2
0.05 0.2
0.05 0.12
0.05 0.12
0.05 0.12
0.093934 0.093934
0.093934 0.093934
0.093934 0.093934
0.142597 0.0614181
0.142597 0.0614181
0.142597 0.0614181
0.2 0.05
0.2 0.05
0.2 0.05
0.257403 0.0614181
0.257403 0.0614181
0.257403 0.0614181
0.306066 0.093934
0.306066 0.093934
0.306066 0.093934
0.338582 0.142597
0.338582 0.142597
0.338582 0.142597
0.35 0.2
0.35 0.2
0.35 0.2
0.338582 0.257403
0.338582 0.257403
0.338582 0.257403
0.306066 0.306066
0.306066 0.306066
0.306066 0.306066
0.257403 0.338582
0.257403 0.338582
0.257403 0.338582
0.05 0.06
0.05 0.06
0.05 0.06
0.05 0.34
0.05 0.34
0.05 0.34
0.35 0.06
0.35 0.06
0.35 0.06
0.4 0.12
0.4 0.12
0.4 0.12
0.35 0.34
0.35 0.34
0.35 0.34
0.4 0.34
0.4 0.34
0.4 0.34
0.4 0.28
0.4 0.28
0.4 0.28
0.4 0.2
0.4 0.2
0.4 0.2
0.4 0.06
0.4 0.06
0.4 0.06
0.45 0.34
0.45 0.34
0.45 0.34
0.45 0.28
0.45 0.28
0.45 0.28
0.45 0.2
0.45 0.2
0.45 0.2
0.45 0.12
0.45 0.12
0.45 0.12
0.45 0.06
0.45 0.06
0.45 0.06
0.5 0.34
0.5 0.34
0.5 0.34
0.5 0.28
0.5 0.28
0.5 0.28
0.5 0.2
0.5 0.2
0.5 0.2
0.5 0.12
0.5 0.12
0.5 0.12
0.5 0.06
0.5 0.06
0.5 0.06
0.55 0.34
0.55 0.34
0.55 0.34
0.55 0.28
0.55 0.28
0.55 0.28
0.55 0.2
0.55 0.2
0.55 0.2
0.55 0.12
0.55 0.12
0.55 0.12
0.55 0.06
0.55 0.06
0.55 0.06
0.6 0.34
0.6 0.34
0.6 0.34
0.6 0.28
0.6 0.28
0.6 0.28
0.6 0.2
0.6 0.2
0.6 0.2
0.6 0.12
0.6 0.12
0.6 0.12
0.6 0.06
0.6 0.06
0.6 0.06
0.7 0.34
0.7 0.34
0.7 0.34
0.7 0.2
0.7 0.2
0.7 0.2
0.7 0.28
0.7 0.28
0.7 0.28
0.7 0.12
0.7 0.12
0.7 0.12
0.7 0.06
0.7 0.06
0.7 0.06
0.8 0.34
0.8 0.34
0.8 0.34
0.8 0.28
0.8 0.28
0.8 0.28
0.8 0.2
0.8 0.2
0.8 0.2
0.8 0.12
0.8 0.12
0.8 0.12
0.8 0.06
0.8 0.06
0.8 0.06
0.9 0.34
0.9 0.34
0.9 0.34
0.9 0.28
0.9 0.28
0.9 0.28
0.9 0.2
0.9 0.2
0.9 0.2
0.9 0.12
0.9 0.12
0.9 0.12
0.9 0.06
0.9 0.06
0.9 0.06
1 0.34
1 0.34
1 0.34
1 0.28
1 0.28
1 0.28
1 0.2
1 0.2
1 0.2
1 0.12
1 0.12
1 0.12
1 0.06
1 0.06
1 0.06
1.1 0.34
1.1 0.34
1.1 0.34
1.1 0.28
1.1 0.28
1.1 0.28
1.1 0.2
1.1 0.2
1.1 0.2
1.1 0.12
1.1 0.12
1.1 0.12
1.1 0.06
1.1 0.06
1.1 0.06
1.3 0.34
1.3 0.34
1.3 0.34
1.3 0.28
1.3 0.28
1.3 0.28
1.3 0.2
1.3 0.2
1.3 0.2
1.3 0.12
1.3 0.12
1.3 0.12
1.3 0.06
1.3 0.06
1.3 0.06
1.6 0.34
1.6 0.34
1.6 0.34
1.6 0.28
1.6 0.28
1.6 0.28
1.6 0.2
1.6 0.2
1.6 0.2
1.6 0.12
1.6 0.12
1.6 0.12
1.6 0.06
1.6 0.06
1.6 0.06
1.9 0.34
1.9 0.34
1.9 0.34
1.9 0.28
1.9 0.28
1.9 0.28
1.9 0.12
1.9 0.12
1.9 0.12
1.9 0.06
1.9 0.06
1.9 0.06
0.2 0.3
0.2 0.3
0.2 0.3
0.107612 0.161732
0.107612 0.161732
0.107612 0.161732
0.1 0.2
0.1 0.2
0.1 0.2
0.107612 0.238268
0.107612 0.238268
0.107612 0.238268
0.129289 0.270711
0.129289 0.270711
0.129289 0.270711
0.161732 0.292388
0.161732 0.292388
0.161732 0.292388
0.177039 0.255433
0.177039 0.255433
0.177039 0.255433
0.2 0.26
0.2 0.26
0.2 0.26
0.186344 0.268655
0.186344 0.268655
0.186344 0.268655
0.157574 0.242426
0.157574 0.242426
0.157574 0.242426
0.16111 0.258203
0.16111 0.258203
0.16111 0.258203
0.141797 0.23889
0.141797 0.23889
0.141797 0.23889
0.144567 0.222961
0.144567 0.222961
0.144567 0.222961
0.14 0.2
0.14 0.2
0.14 0.2
0.131345 0.213656
0.131345 0.213656
0.131345 0.213656
0.131345 0.186344
0.131345 0.186344
0.131345 0.186344
0.144567 0.177039
0.144567 0.177039
0.144567 0.177039
0.157574 0.157574
0.157574 0.157574
0.157574 0.157574
0.141797 0.16111
0.141797 0.16111
0.141797 0.16111
0.177039 0.144567
0.177039 0.144567
0.177039 0.144567
0.16111 0.141797
0.16111 0.141797
0.16111 0.141797
0.186344 0.131345
0.186344 0.131345
0.186344 0.131345
0.2 0.14
0.2 0.14
0.2 0.14
0.213656 0.131345
0.213656 0.131345
0.213656 0.131345
0.222961 0.144567
0.222961 0.144567
0.222961 0.144567
0.23889 0.141797
0.23889 0.141797
0.23889 0.141797
0.242426 0.157574
0.242426 0.157574
0.242426 0.157574
0.258203 0.16111
0.258203 0.16111
0.258203 0.16111
0.255433 0.177039
0.255433 0.177039
0.255433 0.177039
0.268655 0.186344
0.268655 0.186344
0.268655 0.186344
0.26 0.2
0.26 0.2
0.26 0.2
0.268655 0.213656
0.268655 0.213656
0.268655 0.213656
0.255433 0.222961
0.255433 0.222961
0.255433 0.222961
0.258203 0.23889
0.258203 0.23889
0.258203 0.23889
0.242426 0.242426
0.242426 0.242426
0.242426 0.242426
0.23889 0.258203
0.23889 0.258203
0.23889 0.258203
0.222961 0.255433
0.222961 0.255433
0.222961 0.255433
0.213656 0.268655
0.213656 0.268655
0.213656 0.268655
0.139896 0.139896
0.139896 0.139896
0.139896 0.139896
0.144443 0.116853
0.144443 0.116853
0.144443 0.116853
0.167472 0.12147
0.167472 0.12147
0.167472 0.12147
0.2 0.115
0.2 0.115
0.2 0.115
0.180491 0.101921
0.180491 0.101921
0.180491 0.101921
0.219509 0.101921
0.219509 0.101921
0.219509 0.101921
0.232528 0.12147
0.232528 0.12147
0.232528 0.12147
0.255557 0.116853
0.255557 0.116853
0.255557 0.116853
0.260104 0.139896
0.260104 0.139896
0.260104 0.139896
0.283147 0.144443
0.283147 0.144443
0.283147 0.144443
0.27853 0.167472
0.27853 0.167472
0.27853 0.167472
0.298079 0.180491
0.298079 0.180491
0.298079 0.180491
0.285 0.2
0.285 0.2
0.285 0.2
0.298079 0.219509
0.298079 0.219509
0.298079 0.219509
0.27853 0.232528
0.27853 0.232528
0.27853 0.232528
0.283147 0.255557
0.283147 0.255557
0.283147 0.255557
0.260104 0.260104
0.260104 0.260104
0.260104 0.260104
0.255557 0.283147
0.255557 0.283147
0.255557 0.283147
0.232528 0.27853
0.232528 0.27853
0.232528 0.27853
0.171266 0.344454
0.171266 0.344454
0.171266 0.344454
0.118173 0.322462
0.118173 0.322462
0.118173 0.322462
0.071967 0.293033
0.071967 0.293033
0.071967 0.293033
0.05 0.24
0.05 0.24
0.05 0.24
0.05 0.16
0.05 0.16
0.05 0.16
0.111612 0.111612
0.111612 0.111612
0.111612 0.111612
0.071967 0.106967
0.071967 0.106967
0.071967 0.106967
0.152165 0.0845151
0.152165 0.0845151
0.152165 0.0845151
0.118173 0.0775379
0.118173 0.0775379
0.118173 0.0775379
0.2 0.075
0.2 0.075
0.2 0.075
0.171266 0.0555461
0.171266 0.0555461
0.171266 0.0555461
0.228734 0.0555461
0.228734 0.0555461
0.228734 0.0555461
0.247835 0.0845151
0.247835 0.0845151
0.247835 0.0845151
0.281827 0.0775379
0.281827 0.0775379
0.281827 0.0775379
0.288388 0.111612
0.288388 0.111612
0.288388 0.111612
0.322462 0.118173
0.322462 0.118173
0.322462 0.118173
0.315485 0.152165
0.315485 0.152165
0.315485 0.152165
0.344454 0.171266
0.344454 0.171266
0.344454 0.171266
0.325 0.2
0.325 0.2
0.325 0.2
0.344454 0.228734
0.344454 0.228734
0.344454 0.228734
0.315485 0.247835
0.315485 0.247835
0.315485 0.247835
0.322462 0.281827
0.322462 0.281827
0.322462 0.281827
0.288388 0.288388
0.288388 0.288388
0.288388 0.288388
0.281827 0.322462
0.281827 0.322462
0.281827 0.322462
0.247835 0.315485
0.247835 0.315485
0.247835 0.315485
0.228734 0.344454
0.228734 0.344454
0.228734 0.344454
0.303034 0.046967
0.303034 0.046967
0.303034 0.046967
0.253701 0.030709
0.253701 0.030709
0.253701 0.030709
0.2 0.025
0.2 0.025
0.2 0.025
0.146299 0.030709
0.146299 0.030709
0.146299 0.030709
0.0969665 0.046967
0.0969665 0.046967
0.0969665 0.046967
0.071967 0.076967
0.071967 0.076967
0.071967 0.076967
0.0499995 0.03
0.0499995 0.03
0.0499995 0.03
0.071967 0.323033
0.071967 0.323033
0.071967 0.323033
0.0969675 0.358033
0.0969675 0.358033
0.0969675 0.358033
0.0499995 0.375
0.0499995 0.375
0.0499995 0.375
0.146299 0.374291
0.146299 0.374291
0.146299 0.374291
0.2 0.38
0.2 0.38
0.2 0.38
0.253701 0.374291
0.253701 0.374291
0.253701 0.374291
0.303034 0.358033
0.303034 0.358033
0.303034 0.358033
0.025 0.34
0.025 0.34
0.025 0.34
0.025 0.28
0.025 0.28
0.025 0.28
0.025 0.2
0.025 0.2
0.025 0.2
0.025 0.12
0.025 0.12
0.025 0.12
0.025 0.06
0.025 0.06
0.025 0.06
0.35 0.03
0.35 0.03
0.35 0.03
0.328033 0.076967
0.328033 0.076967
0.328033 0.076967
0.369291 0.131299
0.369291 0.131299
0.369291 0.131299
0.375 0.09
0.375 0.09
0.375 0.09
0.369291 0.268701
0.369291 0.268701
0.369291 0.268701
0.328033 0.323033
0.328033 0.323033
0.328033 0.323033
0.35 0.375
0.35 0.375
0.35 0.375
0.375 0.34
0.375 0.34
0.375 0.34
0.4 0.375
0.4 0.375
0.4 0.375
0.4 0.31
0.4 0.31
0.4 0.31
0.375 0.2
0.375 0.2
0.375 0.2
0.4 0.24
0.4 0.24
0.4 0.24
0.375 0.06
0.375 0.06
0.375 0.06
0.4 0.03
0.4 0.03
0.4 0.03
0.425 0.34
0.425 0.34
0.425 0.34
0.449999 0.375
0.449999 0.375
0.449999 0.375
0.425 0.28
0.425 0.28
0.425 0.28
0.45 0.31
0.45 0.31
0.45 0.31
0.425 0.2
0.425 0.2
0.425 0.2
0.45 0.24
0.45 0.24
0.45 0.24
0.425 0.12
0.425 0.12
0.425 0.12
0.45 0.16
0.45 0.16
0.45 0.16
0.425 0.06
0.425 0.06
0.425 0.06
0.45 0.09
0.45 0.09
0.45 0.09
0.449999 0.03
0.449999 0.03
0.449999 0.03
0.475 0.34
0.475 0.34
0.475 0.34
0.500001 0.375
0.500001 0.375
0.500001 0.375
0.475 0.28
0.475 0.28
0.475 0.28
0.5 0.31
0.5 0.31
0.5 0.31
0.475 0.2
0.475 0.2
0.475 0.2
0.5 0.24
0.5 0.24
0.5 0.24
0.475 0.12
0.475 0.12
0.475 0.12
0.5 0.16
0.5 0.16
0.5 0.16
0.475 0.06
0.475 0.06
0.475 0.06
0.5 0.09
0.5 0.09
0.5 0.09
0.500001 0.03
0.500001 0.03
0.500001 0.03
0.525 0.34
0.525 0.34
0.525 0.34
0.55 0.375
0.55 0.375
0.55 0.375
0.525 0.28
0.525 0.28
0.525 0.28
0.55 0.31
0.55 0.31
0.55 0.31
0.525 0.2
0.525 0.2
0.525 0.2
0.55 0.24
0.55 0.24
0.55 0.24
0.525 0.12
0.525 0.12
0.525 0.12
0.55 0.16
0.55 0.16
0.55 0.16
0.525 0.06
0.525 0.06
0.525 0.06
0.55 0.09
0.55 0.09
0.55 0.09
0.55 0.03
0.55 0.03
0.55 0.03
0.575 0.34
0.575 0.34
0.575 0.34
0.6 0.375
0.6 0.375
0.6 0.375
0.575 0.28
0.575 0.28
0.575 0.28
0.6 0.31
0.6 0.31
0.6 0.31
0.575 0.2
0.575 0.2
0.575 0.2
0.6 0.24
0.6 0.24
0.6 0.24
0.575 0.12
0.575 0.12
0.575 0.12
0.6 0.16
0.6 0.16
0.6 0.16
0.575 0.06
0.575 0.06
0.575 0.06
0.6 0.09
0.6 0.09
0.6 0.09
0.6 0.03
0.6 0.03
0.6 0.03
0.65 0.34
0.65 0.34
0.65 0.34
0.7 0.375
0.7 0.375
0.7 0.375
0.65 0.28
0.65 0.28
0.65 0.28
0.65 0.2
0.65 0.2
0.65 0.2
0.65 0.12
0.65 0.12
0.65 0.12
0.65 0.06
0.65 0.06
0.65 0.06
0.7 0.09
0.7 0.09
0.7 0.09
0.7 0.03
0.7 0.03
0.7 0.03
0.75 0.34
0.75 0.34
0.75 0.34
0.799999 0.375
0.799999 0.375
0.799999 0.375
0.75 0.28
0.75 0.28
0.75 0.28
0.8 0.31
0.8 0.31
0.8 0.31
0.75 0.2
0.75 0.2
0.75 0.2
0.8 0.24
0.8 0.24
0.8 0.24
0.75 0.12
0.75 0.12
0.75 0.12
0.8 0.16
0.8 0.16
0.8 0.16
0.75 0.06
0.75 0.06
0.75 0.06
0.8 0.09
0.8 0.09
0.8 0.09
0.799999 0.03
0.799999 0.03
0.799999 0.03
0.85 0.34
0.85 0.34
0.85 0.34
0.9 0.375
0.9 0.375
0.9 0.375
0.85 0.28
0.85 0.28
0.85 0.28
0.9 0.31
0.9 0.31
0.9 0.31
0.85 0.2
0.85 0.2
0.85 0.2
0.9 0.24
0.9 0.24
0.9 0.24
0.85 0.12
0.85 0.12
0.85 0.12
0.9 0.16
0.9 0.16
0.9 0.16
0.85 0.06
0.85 0.06
0.85 0.06
0.9 0.09
0.9 0.09
0.9 0.09
0.9 0.03
0.9 0.03
0.9 0.03
0.95 0.34
0.95 0.34
0.95 0.34
0.999999 0.375
0.999999 0.375
0.999999 0.375
0.95 0.28
0.95 0.28
0.95 0.28
1 0.31
1 0.31
1 0.31
0.95 0.2
0.95 0.2
0.95 0.2
1 0.24
1 0.24
1 0.24
0.95 0.12
0.95 0.12
0.95 0.12
1 0.16
1 0.16
1 0.16
0.95 0.06
0.95 0.06
0.95 0.06
1 0.09
1 0.09
1 0.09
0.999999 0.03
0.999999 0.03
0.999999 0.03
1.05 0.34
1.05 0.34
1.05 0.34
1.1 0.375
1.1 0.375
1.1 0.375
1.05 0.28
1.05 0.28
1.05 0.28
1.1 0.31
1.1 0.31
1.1 0.31
1.05 0.2
1.05 0.2
1.05 0.2
1.1 0.24
1.1 0.24
1.1 0.24
1.05 0.12
1.05 0.12
1.05 0.12
1.1 0.16
1.1 0.16
1.1 0.16
1.05 0.06
1.05 0.06
1.05 0.06
1.1 0.09
1.1 0.09
1.1 0.09
1.1 0.03
1.1 0.03
1.1 0.03
1.2 0.34
1.2 0.34
1.2 0.34
1.3 0.375
1.3 0.375
1.3 0.375
1.2 0.28
1.2 0.28
1.2 0.28
1.3 0.31
1.3 0.31
1.3 0.31
1.2 0.2
1.2 0.2
1.2 0.2
1.3 0.24
1.3 0.24
1.3 0.24
1.2 0.12
1.2 0.12
1.2 0.12
1.3 0.16
1.3 0.16
1.3 0.16
1.2 0.06
1.2 0.06
1.2 0.06
1.3 0.09
1.3 0.09
1.3 0.09
1.3 0.03
1.3 0.03
1.3 0.03
1.45 0.34
1.45 0.34
1.45 0.34
1.6 0.375
1.6 0.375
1.6 0.375
1.45 0.28
1.45 0.28
1.45 0.28
1.6 0.31
1.6 0.31
1.6 0.31
1.45 0.2
1.45 0.2
1.45 0.2
1.6 0.24
1.6 0.24
1.6 0.24
1.45 0.12
1.45 0.12
1.45 0.12
1.6 0.16
1.6 0.16
1.6 0.16
1.45 0.06
1.45 0.06
1.45 0.06
1.6 0.09
1.6 0.09
1.6 0.09
1.6 0.03
1.6 0.03
1.6 0.03
1.75 0.34
1.75 0.34
1.75 0.34
1.9 0.375
1.9 0.375
1.9 0.375
1.75 0.28
1.75 0.28
1.75 0.28
1.9 0.31
1.9 0.31
1.9 0.31
1.75 0.2
1.75 0.2
1.75 0.2
1.9 0.24
1.9 0.24
1.9 0.24
1.75 0.12
1.75 0.12
1.75 0.12
1.9 0.16
1.9 0.16
1.9 0.16
1.75 0.06
1.75 0.06
1.75 0.06
1.9 0.09
1.9 0.09
1.9 0.09
1.9 0.03
1.9 0.03
1.9 0.03
2.05 0.34
2.05 0.34
2.05 0.34
2.05 0.28
2.05 0.28
2.05 0.28
2.05 0.2
2.05 0.2
2.05 0.2
2.05 0.12
2.05 0.12
2.05 0.12
2.05 0.06
2.05 0.06
2.05 0.06
0.7 0.24
0.7 0.24
0.7 0.24
0.7 0.16
0.7 0.16
0.7 0.16
0.7 0.31
0.7 0.31
0.7 0.31
0.101921 0.180491
0.101921 0.180491
0.101921 0.180491
0.101921 0.219509
0.101921 0.219509
0.101921 0.219509
0.116853 0.255557
0.116853 0.255557
0.116853 0.255557
0.144443 0.283147
0.144443 0.283147
0.144443 0.283147
0.180491 0.298079
0.180491 0.298079
0.180491 0.298079
0.219509 0.298079
0.219509 0.298079
0.219509 0.298079
0.2 0.285
0.2 0.285
0.2 0.285
0.2 0.325
0.2 0.325
0.2 0.325
0.167472 0.27853
0.167472 0.27853
0.167472 0.27853
0.152165 0.315485
0.152165 0.315485
0.152165 0.315485
0.139896 0.260104
0.139896 0.260104
0.139896 0.260104
0.111612 0.288388
0.111612 0.288388
0.111612 0.288388
0.12147 0.232528
0.12147 0.232528
0.12147 0.232528
0.0787655 0.259154
0.0787655 0.259154
0.0787655 0.259154
0.115 0.2
0.115 0.2
0.115 0.2
0.075 0.2
0.075 0.2
0.075 0.2
0.12147 0.167472
0.12147 0.167472
0.12147 0.167472
0.116853 0.144443
0.116853 0.144443
0.116853 0.144443
0.0787655 0.140846
0.0787655 0.140846
0.0787655 0.140846
0.4 0.16
0.4 0.16
0.4 0.16
0.4 0.09
0.4 0.09
0.4 0.09
0.375 0.31
0.375 0.31
0.375 0.31
0.05 0.09
0.05 0.09
0.05 0.09
0.05 0.31
0.05 0.31
0.05 0.31
0.188295 0.258847
0.188295 0.258847
0.188295 0.258847
0.166666 0.249888
0.166666 0.249888
0.166666 0.249888
0.150112 0.233334
0.150112 0.233334
0.150112 0.233334
0.141153 0.211705
0.141153 0.211705
0.141153 0.211705
0.141153 0.188295
0.141153 0.188295
0.141153 0.188295
0.150112 0.166666
0.150112 0.166666
0.150112 0.166666
0.166666 0.150112
0.166666 0.150112
0.166666 0.150112
0.188295 0.141153
0.188295 0.141153
0.188295 0.141153
0.211705 0.141153
0.211705 0.141153
0.211705 0.141153
0.211705 0.258847
0.211705 0.258847
0.211705 0.258847
0.152777 0.129325
0.152777 0.129325
0.152777 0.129325
0.183417 0.116633
0.183417 0.116633
0.183417 0.116633
0.216583 0.116633
0.216583 0.116633
0.216583 0.116633
0.131157 0.0969689
0.131157 0.0969689
0.131157 0.0969689
0.175825 0.0784665
0.175825 0.0784665
0.175825 0.0784665
0.224175 0.0784665
0.224175 0.0784665
0.224175 0.0784665
0.278367 0.038838
0.278367 0.038838
0.278367 0.038838
0.22685 0.0278545
0.22685 0.0278545
0.22685 0.0278545
0.173149 0.0278545
0.173149 0.0278545
0.173149 0.0278545
0.121633 0.038838
0.121633 0.038838
0.121633 0.038838
0.073483 0.0384835
0.073483 0.0384835
0.073483 0.0384835
0.0734835 0.366517
0.0734835 0.366517
0.0734835 0.366517
0.121633 0.366162
0.121633 0.366162
0.121633 0.366162
0.173149 0.377145
0.173149 0.377145
0.173149 0.377145
0.22685 0.377145
0.22685 0.377145
0.22685 0.377145
0.278367 0.366162
0.278367 0.366162
0.278367 0.366162
0.0249998 0.375
0.0249998 0.375
0.0249998 0.375
0.025 0.31
0.025 0.31
0.025 0.31
0.025 0.24
0.025 0.24
0.025 0.24
0.025 0.16
0.025 0.16
0.025 0.16
0.025 0.09
0.025 0.09
0.025 0.09
0.0249998 0.03
0.0249998 0.03
0.0249998 0.03
0.326517 0.0384835
0.326517 0.0384835
0.326517 0.0384835
0.326517 0.366517
0.326517 0.366517
0.326517 0.366517
0.375 0.375
0.375 0.375
0.375 0.375
0.375 0.03
0.375 0.03
0.375 0.03
0.425 0.375
0.425 0.375
0.425 0.375
0.425 0.31
0.425 0.31
0.425 0.31
0.425 0.24
0.425 0.24
0.425 0.24
0.425 0.16
0.425 0.16
0.425 0.16
0.425 0.09
0.425 0.09
0.425 0.09
0.425 0.03
0.425 0.03
0.425 0.03
0.475 0.375
0.475 0.375
0.475 0.375
0.475 0.31
0.475 0.31
0.475 0.31
0.475 0.24
0.475 0.24
0.475 0.24
0.475 0.16
0.475 0.16
0.475 0.16
0.475 0.09
0.475 0.09
0.475 0.09
0.475 0.03
0.475 0.03
0.475 0.03
0.525 0.375
0.525 0.375
0.525 0.375
0.525 0.31
0.525 0.31
0.525 0.31
0.525 0.24
0.525 0.24
0.525 0.24
0.525 0.16
0.525 0.16
0.525 0.16
0.525 0.09
0.525 0.09
0.525 0.09
0.525 0.03
0.525 0.03
0.525 0.03
0.575 0.375
0.575 0.375
0.575 0.375
0.575 0.31
0.575 0.31
0.575 0.31
0.575 0.24
0.575 0.24
0.575 0.24
0.575 0.16
0.575 0.16
0.575 0.16
0.575 0.09
0.575 0.09
0.575 0.09
0.575 0.03
0.575 0.03
0.575 0.03
0.65 0.375
0.65 0.375
0.65 0.375
0.65 0.31
0.65 0.31
0.65 0.31
0.65 0.24
0.65 0.24
0.65 0.24
0.65 0.16
0.65 0.16
0.65 0.16
0.65 0.09
0.65 0.09
0.65 0.09
0.65 0.03
0.65 0.03
0.65 0.03
0.75 0.375
0.75 0.375
0.75 0.375
0.75 0.31
0.75 0.31
0.75 0.31
0.75 0.24
0.75 0.24
0.75 0.24
0.75 0.16
0.75 0.16
0.75 0.16
0.75 0.09
0.75 0.09
0.75 0.09
0.75 0.03
0.75 0.03
0.75 0.03
0.85 0.375
0.85 0.375
0.85 0.375
0.85 0.31
0.85 0.31
0.85 0.31
0.85 0.24
0.85 0.24
0.85 0.24
0.85 0.16
0.85 0.16
0.85 0.16
0.85 0.09
0.85 0.09
0.85 0.09
0.85 0.03
0.85 0.03
0.85 0.03
0.95 0.375
0.95 0.375
0.95 0.375
0.95 0.31
0.95 0.31
0.95 0.31
0.95 0.24
0.95 0.24
0.95 0.24
0.95 0.16
0.95 0.16
0.95 0.16
0.95 0.09
0.95 0.09
0.95 0.09
0.95 0.03
0.95 0.03
0.95 0.03
1.05 0.375
1.05 0.375
1.05 0.375
1.05 0.31
1.05 0.31
1.05 0.31
1.05 0.24
1.05 0.24
1.05 0.24
1.05 0.16
1.05 0.16
1.05 0.16
1.05 0.09
1.05 0.09
1.05 0.09
1.05 0.03
1.05 0.03
1.05 0.03
1.2 0.375
1.2 0.375
1.2 0.375
1.2 0.31
1.2 0.31
1.2 0.31
1.2 0.24
1.2 0.24
1.2 0.24
1.2 0.16
1.2 0.16
1.2 0.16
1.2 0.09
1.2 0.09
1.2 0.09
1.2 0.03
1.2 0.03
1.2 0.03
1.45 0.375
1.45 0.375
1.45 0.375
1.45 0.31
1.45 0.31
1.45 0.31
1.45 0.24
1.45 0.24
1.45 0.24
1.45 0.16
1.45 0.16
1.45 0.16
1.45 0.09
1.45 0.09
1.45 0.09
1.45 0.03
1.45 0.03
1.45 0.03
1.75 0.375
1.75 0.375
1.75 0.375
1.75 0.31
1.75 0.31
1.75 0.31
1.75 0.24
1.75 0.24
1.75 0.24
1.75 0.16
1.75 0.16
1.75 0.16
1.75 0.09
1.75 0.09
1.75 0.09
1.75 0.03
1.75 0.03
1.75 0.03
2.05 0.375
2.05 0.375
2.05 0.375
2.05 0.31
2.05 0.31
2.05 0.31
2.05 0.24
2.05 0.24
2.05 0.24
2.05 0.16
2.05 0.16
2.05 0.16
2.05 0.09
2.05 0.09
2.05 0.09
2.05 0.03
2.05 0.03
2.05 0.03
0.216583 0.283367
0.216583 0.283367
0.216583 0.283367
0.224175 0.321533
0.224175 0.321533
0.224175 0.321533
0.183417 0.283367
0.183417 0.283367
0.183417 0.283367
0.175825 0.321533
0.175825 0.321533
0.175825 0.321533
0.152777 0.270675
0.152777 0.270675
0.152777 0.270675
0.131157 0.303031
0.131157 0.303031
0.131157 0.303031
0.129325 0.247223
0.129325 0.247223
0.129325 0.247223
0.094547 0.274227
0.094547 0.274227
0.094547 0.274227
0.116633 0.216583
0.116633 0.216583
0.116633 0.216583
0.0753548 0.229939
0.0753548 0.229939
0.0753548 0.229939
0.129325 0.152777
0.129325 0.152777
0.129325 0.152777
0.094547 0.125773
0.094547 0.125773
0.094547 0.125773
0.116633 0.183417
0.116633 0.183417
0.116633 0.183417
0.0753548 0.170061
0.0753548 0.170061
0.0753548 0.170061
0.258847 0.188295
0.258847 0.188295
0.258847 0.188295
0.258847 0.211705
0.258847 0.211705
0.258847 0.211705
0.249888 0.233334
0.249888 0.233334
0.249888 0.233334
0.233334 0.249888
0.233334 0.249888
0.233334 0.249888
0.233334 0.150112
0.233334 0.150112
0.233334 0.150112
0.249888 0.166666
0.249888 0.166666
0.249888 0.166666
0.270675 0.152777
0.270675 0.152777
0.270675 0.152777
0.247223 0.129325
0.247223 0.129325
0.247223 0.129325
0.283367 0.183417
0.283367 0.183417
0.283367 0.183417
0.283367 0.216583
0.283367 0.216583
0.283367 0.216583
0.270675 0.247223
0.270675 0.247223
0.270675 0.247223
0.247223 0.270675
0.247223 0.270675
0.247223 0.270675
0.303031 0.131157
0.303031 0.131157
0.303031 0.131157
0.268843 0.0969689
0.268843 0.0969689
0.268843 0.0969689
0.321533 0.175825
0.321533 0.175825
0.321533 0.175825
0.321533 0.224175
0.321533 0.224175
0.321533 0.224175
0.303031 0.268843
0.303031 0.268843
0.303031 0.268843
0.268843 0.303031
0.268843 0.303031
0.268843 0.303031
0.348662 0.104133
0.348662 0.104133
0.348662 0.104133
0.348662 0.295867
0.348662 0.295867
0.348662 0.295867
0.372145 0.234351
0.372145 0.234351
0.372145 0.234351
0.372145 0.165649
0.372145 0.165649
0.372145 0.165649
0 0.34
0 0.34
0 0.34
0 0.28
0 0.28
0 0.28
0 0.2
0 0.2
0 0.2
0 0.12
0 0.12
0 0.12
0 0.06
0 0.06
0 0.06
0 0.375
0 0.375
0 0.375
0 0.31
0 0.31
0 0.31
0 0.24
0 0.24
0 0.24
0 0.16
0 0.16
0 0.16
0 0.09
0 0.09
0 0.09
0 0.03
0 0.03
0 0.03
2.2 0.34
2.2 0.34
2.2 0.34
2.2 0.28
2.2 0.28
2.2 0.28
2.2 0.2
2.2 0.2
2.2 0.2
2.2 0.12
2.2 0.12
2.2 0.12
2.2 0.06
2.2 0.06
2.2 0.06
2.2 0.375
2.2 0.375
2.2 0.375
2.2 0.31
2.2 0.31
2.2 0.31
2.2 0.24
2.2 0.24
2.2 0.24
2.2 0.16
2.2 0.16
2.2 0.16
2.2 0.09
2.2 0.09
2.2 0.09
2.2 0.03
2.2 0.03
2.2 0.03
0.100001 0.41
0.100001 0.41
0.100001 0.41
0.049999 0.41
0.049999 0.41
0.049999 0.41
0.15 0.41
0.15 0.41
0.15 0.41
0.2 0.41
0.2 0.41
0.2 0.41
0.249999 0.41
0.249999 0.41
0.249999 0.41
0.300001 0.41
0.300001 0.41
0.300001 0.41
0 0.41
0 0.41
0 0.41
0.35 0.41
0.35 0.41
0.35 0.41
0.4 0.41
0.4 0.41
0.4 0.41
0.449999 0.41
0.449999 0.41
0.449999 0.41
0.500001 0.41
0.500001 0.41
0.500001 0.41
0.55 0.41
0.55 0.41
0.55 0.41
0.599999 0.41
0.599999 0.41
0.599999 0.41
0.7 0.41
0.7 0.41
0.7 0.41
0.799999 0.41
0.799999 0.41
0.799999 0.41
0.9 0.41
0.9 0.41
0.9 0.41
0.999999 0.41
0.999999 0.41
0.999999 0.41
1.1 0.41
1.1 0.41
1.1 0.41
1.3 0.41
1.3 0.41
1.3 0.41
1.6 0.41
1.6 0.41
1.6 0.41
1.9 0.41
1.9 0.41
1.9 0.41
2.2 0.41
2.2 0.41
2.2 0.41
0.075 0.41
0.075 0.41
0.075 0.41
0.125001 0.41
0.125001 0.41
0.125001 0.41
0.175 0.41
0.175 0.41
0.175 0.41
0.225 0.41
0.225 0.41
0.225 0.41
0.275 0.41
0.275 0.41
0.275 0.41
0.0249995 0.41
0.0249995 0.41
0.0249995 0.41
0.325001 0.41
0.325001 0.41
0.325001 0.41
0.375 0.41
0.375 0.41
0.375 0.41
0.424999 0.41
0.424999 0.41
0.424999 0.41
0.475 0.41
0.475 0.41
0.475 0.41
0.525 0.41
0.525 0.41
0.525 0.41
0.574999 0.41
0.574999 0.41
0.574999 0.41
0.649999 0.41
0.649999 0.41
0.649999 0.41
0.749999 0.41
0.749999 0.41
0.749999 0.41
0.85 0.41
0.85 0.41
0.85 0.41
0.949999 0.41
0.949999 0.41
0.949999 0.41
1.05 0.41
1.05 0.41
1.05 0.41
1.2 0.41
1.2 0.41
1.2 0.41
1.45 0.41
1.45 0.41
1.45 0.41
1.75 0.41
1.75 0.41
1.75 0.41
2.05 0.41
2.05 0.41
2.05 0.41
0 0
0 0
0 0
0.049999 0
0.049999 0
0.049999 0
0.099999 0
0.099999 0
0.099999 0
0.15 0
0.15 0
0.15 0
0.2 0
0.2 0
0.2 0
0.249999 0
0.249999 0
0.249999 0
0.300001 0
0.300001 0
0.300001 0
0.35 0
0.35 0
0.35 0
0.4 0
0.4 0
0.4 0
0.449999 0
0.449999 0
0.449999 0
0.500001 0
0.500001 0
0.500001 0
0.55 0
0.55 0
0.55 0
0.599999 0
0.599999 0
0.599999 0
0.7 0
0.7 0
0.7 0
0.799999 0
0.799999 0
0.799999 0
0.9 0
0.9 0
0.9 0
0.999999 0
0.999999 0
0.999999 0
1.1 0
1.1 0
1.1 0
1.3 0
1.3 0
1.3 0
1.6 0
1.6 0
1.6 0
1.9 0
1.9 0
1.9 0
2.2 0
2.2 0
2.2 0
0.0249995 0
0.0249995 0
0.0249995 0
0.074999 0
0.074999 0
0.074999 0
0.124999 0
0.124999 0
0.124999 0
0.175 0
0.175 0
0.175 0
0.225 0
0.225 0
0.225 0
0.275 0
0.275 0
0.275 0
0.325001 0
0.325001 0
0.325001 0
0.375 0
0.375 0
0.375 0
0.424999 0
0.424999 0
0.424999 0
0.475 0
0.475 0
0.475 0
0.525 0
0.525 0
0.525 0
0.574999 0
0.574999 0
0.574999 0
0.649999 0
0.649999 0
0.649999 0
0.749999 0
0.749999 0
0.749999 0
0.85 0
0.85 0
0.85 0
0.949999 0
0.949999 0
0.949999 0
1.05 0
1.05 0
1.05 0
1.45 0
1.45 0
1.45 0
1.75 0
1.75 0
1.75 0
2.05 0
2.05 0
2.05 0
1.2 0
1.2 0
1.2 0
0.180866 0.246194
0.180866 0.246194
0.180866 0.246194
0.2 0.25
0.2 0.25
0.2 0.25
0.164645 0.235355
0.164645 0.235355
0.164645 0.235355
0.153806 0.219134
0.153806 0.219134
0.153806 0.219134
0.15 0.2
0.15 0.2
0.15 0.2
0.153806 0.180866
0.153806 0.180866
0.153806 0.180866
0.164645 0.164645
0.164645 0.164645
0.164645 0.164645
0.180866 0.153806
0.180866 0.153806
0.180866 0.153806
0.2 0.15
0.2 0.15
0.2 0.15
0.219134 0.153806
0.219134 0.153806
0.219134 0.153806
0.235355 0.164645
0.235355 0.164645
0.235355 0.164645
0.246194 0.180866
0.246194 0.180866
0.246194 0.180866
0.25 0.2
0.25 0.2
0.25 0.2
0.246194 0.219134
0.246194 0.219134
0.246194 0.219134
0.235355 0.235355
0.235355 0.235355
0.235355 0.235355
0.219134 0.246194
0.219134 0.246194
0.219134 0.246194
0.190246 0.249039
0.190246 0.249039
0.190246 0.249039
0.158427 0.227778
0.158427 0.227778
0.158427 0.227778
0.150961 0.209754
0.150961 0.209754
0.150961 0.209754
0.150961 0.190246
0.150961 0.190246
0.150961 0.190246
0.158427 0.172222
0.158427 0.172222
0.158427 0.172222
0.172222 0.158427
0.172222 0.158427
0.172222 0.158427
0.190246 0.150961
0.190246 0.150961
0.190246 0.150961
0.209754 0.150961
0.209754 0.150961
0.209754 0.150961
0.227778 0.158427
0.227778 0.158427
0.227778 0.158427
0.241573 0.172222
0.241573 0.172222
0.241573 0.172222
0.249039 0.190246
0.249039 0.190246
0.249039 0.190246
0.249039 0.209754
0.249039 0.209754
0.249039 0.209754
0.241573 0.227778
0.241573 0.227778
0.241573 0.227778
0.227778 0.241573
0.227778 0.241573
0.227778 0.241573
0.172222 0.241573
0.172222 0.241573
0.172222 0.241573
0.209754 0.249039
0.209754 0.249039
0.209754 0.249039
1.9 0.2
1.9 0.2
1.9 0.2
1
0 0 0.1277734937014529
1 1 0.04662559879625992
2 2 0.392770540593488
3 3 0.1785397414136037
4 4 0.005258237661015228
5 5 0.3884746224021786
6 6 0.05784926591434465
7 7 0.05353509262630226
8 8 0.3966474600287839
9 9 0.01173835649028211
10 10 0.0306387495362764
11 11 0.3983095287843076
12 12 0.001287934349274652
13 13 -0.009128876658988981
14 14 0.3984819829314779
15 15 0.02594980596050205
16 16 -0.05152810031454996
17 17 0.3970293634714114
18 18 0.07072857939592712
19 19 -0.08065798569097957
20 20 0.3963042064230194
21 21 0.1298190169310453
22 22 -0.06364177428743932
23 23 0.3931722745865933
24 24 0.1779524894870299
25 25 -0.01489562504653716
26 26 0.3880546349249246
27 27 0.1842880862530817
28 28 0.04536678264153704
29 29 0.3822570779365236
30 30 0.1454714815705111
31 31 0.08224154624921642
32 32 0.3767975186387463
33 33 0.08850356636806926
34 34 0.06883835379746051
35 35 0.3729230080500892
36 36 0.05907630087424399
37 37 0.01260576964985869
38 38 0.3714840678314979
39 39 0.0811455006397989
40 40 -0.04832391201835526
41 41 0.3729921230681166
42 42 0.1373398351089103
43 43 -0.07147929757129261
44 44 0.3770923438206477
45 45 0.1835107313923433
46 46 -0.04455849003487314
47 47 0.3830348310032073
48 48 0.1327565935438381
49 49 -0.0957422588759842
50 50 0.3950324323528653
51 51 0.208970780382059
52 52 -0.0571082339838988
53 53 0.3931541812576115
54 54 0.2739797550258708
55 55 0.003416998373017869
56 56 0.3884814936189331
57 57 0.2908304179326817
58 58 0.0728535540852332
59 59 0.3834919100201614
60 60 0.2530151297808923
61 61 0.1153304525826147
62 62 0.3791410973793917
63 63 0.1876851303438943
64 64 0.09488540096374135
65 65 0.3760443842370417
66 66 0.1543718375701287
67 67 0.02018312202177592
68 68 0.3748150723309881
69 69 0.1809520598397993
70 70 -0.06212637683771131
71 71 0.3761432930218622
72 72 0.2454772982678891
73 73 -0.0962461412755637
74 74 0.3793251945523237
75 75 0.2949649806854495
76 76 -0.06539600445677243
77 77 0.3834381502698309
78 78 0.2466176608205896
79 79 -0.01204634952566433
80 80 0.3881963122062194
81 81 0.1878679453635135
82 82 0.01951638205106746
83 83 0.3926301622891201
84 84 0.1030185925104005
85 85 0.04254142499616249
86 86 0.3954113341610407
87 87 0.05597482116856042
88 88 0.03280119952654326
89 89 0.3965110837474985
90 90 0.02743822129157712
91 91 -0.006561947138931746
92 92 0.3977088754712908
93 93 0.06477620700077677
94 94 -0.04496102041514465
95 95 0.3965878678123518
96 96 0.1223442099344148
97 97 -0.04188282674241147
98 98 0.3961458858380252
99 99 0.1864162471066908
100 100 -0.01147599000273157
101 101 0.3938092475956381
102 102 0.2296207714340199
103 103 0.02243086882117494
104 104 0.3893997354648555
105 105 0.2691716281055624
106 106 0.06259687073436197
107 107 0.3840180745195406
108 108 0.2987656782934283
109 109 0.09847314054638993
110 110 0.3795631726894353
111 111 0.283341348901598
112 112 0.07702235056119316
113 113 0.3772050580344916
114 114 0.2765657743233502
115 115 0.01953659808105315
116 116 0.3758481273870382
117 117 0.2938560654433073
118 118 -0.05244742460294433
119 119 0.3773297296963881
120 120 0.3109093291797279
121 121 -0.08822211331398791
122 122 0.3794064170037092
123 123 0.2921488657191185
124 124 -0.05181891365466818
125 125 0.3848877169920741
126 126 0.04758363222223237
127 127 -0.003729455029727121
128 128 0.39841814554913
129 129 0.06394508745797819
130 130 -0.0008663795113007019
131 131 0.3977603199125241
132 132 0.2308022124143192
133 133 0.04413334576350295
134 134 0.3791361001929475
135 135 0.3303566196843146
136 136 0.02850831471870995
137 137 0.376396262490711
138 138 0.281370996339972
139 139 -0.0429014416770226
140 140 0.3782993620593436
141 141 0.2815070666576098
142 142 -0.04048872551972645
143 143 0.3777420430015031
144 144 0.3692368872014159
145 145 -0.03831242493805835
146 146 0.3768198030840393
147 147 0.37763015931776
148 148 0.01236866881968743
149 149 0.3759415176771131
150 150 0.2188811781496945
151 151 0.02561123858615453
152 152 0.3783097737761074
153 153 0.2861956630920388
154 154 -0.03167953046120338
155 155 0.3765542025242341
156 156 0.4048677674687028
157 157 -0.02746844973491921
158 158 0.3760628177899393
159 159 0.438510771607221
160 160 -0.008617219092733721
161 161 0.3759436412219493
162 162 0.3696856525344249
163 163 0.01115249958468984
164 164 0.376642432826007
165 165 0.2265049002112456
166 166 0.02092592407172218
167 167 0.3774101870526421
168 168 0.3030166919931598
169 169 -0.02648856994859876
170 170 0.3754024957906248
171 171 0.4382498264082723
172 172 -0.023493124615604
173 173 0.3749165380030279
174 174 0.4783544530798464
175 175 -0.014446038898661
176 176 0.3749146857572153
177 177 0.3911819987418678
178 178 0.003495368961846815
179 179 0.3755688923876905
180 180 0.2363035857301646
181 181 0.01553750213279618
182 182 0.3763112596110605
183 183 0.321291395802474
184 184 -0.02541461879046163
185 185 0.3744071500668574
186 186 0.4704617853399991
187 187 -0.02181294026608177
188 188 0.3740182367911498
189 189 0.5202385725054994
190 190 -0.01409700711760912
191 191 0.3740547696413199
192 192 0.4217523441268373
193 193 0.000604572731284338
194 194 0.3746696000478619
195 195 0.2509439188289272
196 196 0.01270137771074747
197 197 0.375404978663589
198 198 0.3367098421399915
199 199 -0.02600053199056321
200 200 0.3732489293975814
201 201 0.4964922604827348
202 202 -0.02763331674500495
203 203 0.3729806360917008
204 204 0.5543627571693368
205 205 -0.01566633367686919
206 206 0.373051395229882
207 207 0.4474144051066722
208 208 0.001804273195192048
209 209 0.373667226428605
210 210 0.2633890584532824
211 211 0.01092325221288248
212 212 0.3743093296373994
213 213 0.3700872494533931
214 214 -0.02157212079233958
215 215 0.3706027385365899
216 216 0.6171873914959528
217 217 -0.01218824314164197
218 218 0.3697198271257529
219 219 0.5495943168419273
220 220 -0.0286975888898018
221 221 0.3705835045096714
222 222 0.4930849483532851
223 223 -0.00958278986732077
224 224 0.3711436860714518
225 225 0.2897001851216712
226 226 0.01243916146810502
227 227 0.37194875645384
228 228 0.4149735118083776
229 229 -0.04021112418758521
230 230 0.3674621595501689
231 231 0.6206650466026631
232 232 -0.04455053042217445
233 233 0.367489467699283
234 234 0.6917248999360747
235 235 -0.02106659794753738
236 236 0.3678305468033333
237 237 0.5541524751955428
238 238 0.005833278999434807
239 239 0.3683742970812287
240 240 0.3258829168723084
241 241 0.01110530270562394
242 242 0.368939736076309
243 243 0.4502678523092027
244 244 -0.04073566035753026
245 245 0.3641969919023146
246 246 0.6732183069091592
247 247 -0.04326547082733368
248 248 0.3642245119869289
249 249 0.7530795058318155
250 250 -0.02157799818964356
251 251 0.3645171234488828
252 252 0.609294047649164
253 253 0.002575266858587416
254 254 0.3651539686647126
255 255 0.3613069658493311
256 256 0.008073588113517084
257 257 0.3657606009812823
258 258 0.4978586185582306
259 259 -0.03694580624609874
260 260 0.3613751712119703
261 261 0.7434076673314278
262 262 -0.04104185858013227
263 263 0.3614832787615206
264 264 0.8316048347155556
265 265 -0.02291532420363875
266 266 0.3617494434620229
267 267 0.6709377695673641
268 268 -3.159654583851962e-05
269 269 0.3623480827705739
270 270 0.3973073904118815
271 271 0.005519183035355301
272 272 0.3627671916331234
273 273 0.5795546425192295
274 274 -0.02473354829724242
275 275 0.3618220839244287
276 276 0.8568080807671677
277 277 -0.04273385270737115
278 278 0.3629161920391754
279 279 0.9605404316163628
280 280 -0.02464669599635622
281 281 0.3633095896908395
282 282 0.7711846223273331
283 283 -0.001123888373106031
284 284 0.3632055165744854
285 285 0.4590584916353002
286 286 -0.006148427159093444
287 287 0.3625169818675943
288 288 1.109634435989926
289 289 0.06648698960068795
290 290 0.3714815737799609
291 291 1.545350108093444
292 292 0.01438885043993826
293 293 0.3758878881284216
294 294 1.695291812911939
295 295 -0.02618939292561773
296 296 0.3772411662334537
297 297 1.400616013772088
298 298 -0.05322051054500236
299 299 0.3743980647571132
300 300 0.8877299458176569
301 301 -0.07370137763057405
302 302 0.369473650321631
303 303 4.209769027132376
304 304 0.5909755527932796
305 305 0.4497570143069078
306 306 5.588819918822579
307 307 0.4039537228578063
308 308 0.4706449472700349
309 309 5.998555800967718
310 310 -0.01567263790074999
311 311 0.4774859612901695
312 312 5.093088169164426
313 313 -0.3965014121268215
314 314 0.4608147652346384
315 315 3.389471777887326
316 316 -0.472411172571337
317 317 0.4341034764502856
318 318 20.94680001915204
319 319 3.788217668313788
320 320 1.040052244887288
321 321 26.67327573885906
322 322 2.612983213629221
323 323 1.163860511498105
324 324 24.41699638955077
325 325 -2.334076319471934
326 326 1.115323432395743
327 327 17.02430843337928
328 328 -2.954379435584251
329 329 0.9555868486107192
330 330 0.2776463400726139
331 331 -0.0009667684879422697
332 332 0.3882827693147292
333 333 0.04175006019716103
334 334 -0.05916282327031543
335 335 0.3961735907274065
336 336 0.01483748382694218
337 337 0.002274031827834539
338 338 0.397940800584412
339 339 0.03893978625140225
340 340 0.04992343145285939
341 341 0.3972918273498087
342 342 0.1125271507189562
343 343 0.07002674046707713
344 344 0.395722604848819
345 345 0.2068109041544006
346 346 0.0513710673427453
347 347 0.3928595419473927
348 348 0.07071983762142765
349 349 0.04099238888154634
350 350 0.39447414133485
351 351 0.1069087971569215
352 352 0.01340996653416259
353 353 0.3889979108018117
354 354 0.1556624423183531
355 355 0.02957313722060531
356 356 0.3918812273467702
357 357 0.02487299649012106
358 358 0.04040167585458906
359 359 0.3982653344829514
360 360 0.09342259918064416
361 361 0.05605181012218358
362 362 0.3965230401210174
363 363 0.03138796240014958
364 364 0.04675258861867225
365 365 0.3987816729768354
366 366 -0.004788143435462915
367 367 0.02166395956778155
368 368 0.399760912526154
369 369 -0.01235198222384705
370 370 -0.006370603637114179
371 371 0.399610534052792
372 372 0.001233091449081686
373 373 0.0136317798621548
374 374 0.3996851261490147
375 375 0.007772688556705821
376 376 -0.03009283337714962
377 377 0.3989835720331809
378 378 -0.0003102339418131934
379 379 -0.03714346830048078
380 380 0.3983336699969022
381 381 0.02981432036869837
382 382 -0.06037976916557318
383 383 0.3939968540248513
384 384 0.04462857512041484
385 385 -0.06931210862814163
386 386 0.3969195472688668
387 387 0.07163385239751772
388 388 -0.05615122458745629
389 389 0.3897635485535622
390 390 0.09568766451467665
391 391 -0.07970042463513589
392 392 0.394293275190583
393 393 0.1557816902988868
394 394 -0.04511267750148051
395 395 0.390058517802951
396 396 0.1076543685072777
397 397 -0.02510642670418576
398 398 0.3855945240906964
399 399 0.1871609945840276
400 400 0.01350875821382699
401 401 0.385055261440024
402 402 0.1144837377377135
403 403 0.01715679425594085
404 404 0.3797038750072867
405 405 0.1690176005321028
406 406 0.06778887487411939
407 407 0.3793703499634293
408 408 0.09085064762748907
409 409 0.04621204348377275
410 410 0.3744101922497765
411 411 0.116816449514851
412 412 0.0803345638954602
413 413 0.3752945334993938
414 414 0.05268899832620488
415 415 0.04150124013881641
416 416 0.3707549409481057
417 417 0.0681479050264663
418 418 0.04275580196916358
419 419 0.3726230794126411
420 420 0.03250331900130446
421 421 0.007652203400652017
422 422 0.3694633100258287
423 423 0.06471218058491666
424 424 -0.02175541061341225
425 425 0.3726133284586034
426 426 0.04661665169945015
427 427 -0.02927136185656384
428 428 0.3709039878221593
429 429 0.1091119149485142
430 430 -0.06723806198433002
431 431 0.3753198323517329
432 432 0.08269666255683913
433 433 -0.04104752419615097
434 434 0.3752801773388912
435 435 0.1662345886185715
436 436 -0.06377650357157599
437 437 0.3803790737452568
438 438 0.1101074106666177
439 439 -0.02227856781380172
440 440 0.3824777495880741
441 441 0.1870595111646002
442 442 -0.018851072902852
443 443 0.3873510449900646
444 444 0.1115950625112816
445 445 -0.09545835975789585
446 446 0.3935813295525618
447 447 0.1648574665526079
448 448 -0.07804553591018075
449 449 0.3933623408281089
450 450 0.180973583645687
451 451 -0.0638290441750527
452 452 0.3909732941214384
453 453 0.2408814824480404
454 454 -0.004514109049146699
455 455 0.387223446948919
456 456 0.2451753586761443
457 457 -0.03073315998926667
458 458 0.3899434504315384
459 459 0.2892502628916997
460 460 0.03815974352772095
461 461 0.3859499189287329
462 462 0.2495040710929421
463 463 0.06517363679762574
464 464 0.3820947704299087
465 465 0.2763762677284119
466 466 0.1001419824610443
467 467 0.3809555131233615
468 468 0.207820488143465
469 469 0.1088867545709395
470 470 0.3776013828444216
471 471 0.2182269027299066
472 472 0.112965278758093
473 473 0.3776550369326243
474 474 0.1398967613837575
475 475 0.08744201339218192
476 476 0.3748484971487014
477 477 0.1628121512002747
478 478 0.06091794222108252
479 479 0.375570033028803
480 480 0.1065314882410358
481 481 0.01671878322252527
482 482 0.3738576437219351
483 483 0.159892862734834
484 484 -0.02656829704265376
485 485 0.3756169508626013
486 486 0.1325541267414244
487 487 -0.06061606190875825
488 488 0.3748024027301826
489 489 0.2119726505402854
490 490 -0.09013218939680631
491 491 0.3776413786552377
492 492 0.1991435561722565
493 493 -0.09236795730648389
494 494 0.3779355811472906
495 495 0.2755253461131499
496 496 -0.08837832011299737
497 497 0.381604978400205
498 498 0.2520812346903663
499 499 -0.06014587741372674
500 500 0.3832918701451025
501 501 0.2286871756205652
502 502 0.008674244910016601
503 503 0.3896601258265063
504 504 0.14805041709967
505 505 0.03444684188344176
506 506 0.3939037847109678
507 507 0.0702802604172082
508 508 0.04549578923986019
509 509 0.3955356788651602
510 510 0.03528356992128635
511 511 0.02492703948089943
512 512 0.3964203953391189
513 513 0.03900325031024315
514 514 -0.03454111643366825
515 515 0.396713303376705
516 516 0.1414890212099611
517 517 -0.07475681942292309
518 518 0.394448715512123
519 519 0.08111649064422591
520 520 -0.05039370776388323
521 521 0.3956222734361184
522 522 0.2130397253153287
523 523 -0.03215628923791915
524 524 0.3925653738161758
525 525 0.1591896866080972
526 526 -0.02479849416201878
527 527 0.394995765494468
528 528 0.2745760832899105
529 529 0.0186649325303275
530 530 0.3889659438475332
531 531 0.2131648029121997
532 532 0.004737274373776999
533 533 0.3916348297937326
534 534 0.2565843019313082
535 535 0.0417947151995689
536 536 0.3869465623675096
537 537 0.2984665454962129
538 538 0.07482985712881987
539 539 0.3834563374851002
540 540 0.2910339629931716
541 541 0.08185200046300832
542 542 0.3819507269208701
543 543 0.2881852574086284
544 544 0.1125897597884979
545 545 0.3789396830049429
546 546 0.2870717423190343
547 547 0.09548329196659835
548 548 0.3783671227177276
549 549 0.2422594921401823
550 550 0.08816377225857544
551 551 0.3770612145222054
552 552 0.2715588341720667
553 553 0.05183581359998099
554 554 0.3770078811416002
555 555 0.2225779758305639
556 556 0.01936461502454776
557 557 0.3765220173586045
558 558 0.2784112772882049
559 559 -0.02153514141693241
560 560 0.376817629771192
561 561 0.2435592305222821
562 562 -0.05982113611721816
563 563 0.376902885916031
564 564 0.2994649371639021
565 565 -0.07978569856944653
566 566 0.3784527466501544
567 567 0.2906861397106585
568 568 -0.09453792746353734
569 569 0.3790842868907945
570 570 0.3113064489447915
571 571 -0.07752873865836463
572 572 0.3816545262245249
573 573 0.3126479708222318
574 574 -0.06679038411752694
575 575 0.3837718581017695
576 576 0.27471269222725
577 577 -0.03049592982696538
578 578 0.3864656646834015
579 579 0.2144480088331671
580 580 0.04468224573614322
581 581 0.3822253348980819
582 582 0.1698882673851412
583 583 0.03025287604760262
584 584 0.3863911598093421
585 585 0.1382404891217218
586 586 0.02127635046306424
587 587 0.3913554023454674
588 588 0.1254987518049737
589 589 0.01686164167718151
590 590 0.3945494572864802
591 591 0.09886972643693695
592 592 0.01634002715502173
593 593 0.396413929030927
594 594 0.08382786325105265
595 595 -0.01492763802317549
596 596 0.3970156771773591
597 597 0.02943884959231242
598 598 0.008707029376679106
599 599 0.3977725998635407
600 600 0.0861680371074367
601 601 0.009682002575667977
602 602 0.3954611207078129
603 603 0.09910672824082889
604 604 -0.01970752204075421
605 605 0.3950176455264069
606 606 0.04554158193116585
607 607 -0.01818897283126503
608 608 0.3968903192131206
609 609 0.1420118642372893
610 610 -0.02492675007770303
611 611 0.3936700284798113
612 612 0.1601013843421159
613 613 -0.03005332137334699
614 614 0.3895818201235493
615 615 0.1929778679666175
616 616 -0.02504891005461074
617 617 0.385099686064837
618 618 0.2393369321096726
619 619 -0.04845059004431267
620 620 0.3823623727259027
621 621 0.03918995226690156
622 622 -0.002850422555644919
623 623 0.3982384081394281
624 624 0.04196964251054438
625 625 0.0163510879109441
626 626 0.3982617207835295
627 627 0.03037752877999068
628 628 -0.004890041750024251
629 629 0.3991025306088372
630 630 0.04329150672005561
631 631 -0.02380133010429857
632 632 0.3989171354628155
633 633 0.02723649684852561
634 634 -0.0004492419097023134
635 635 0.399023235301362
636 636 0.1342097921513052
637 637 0.02410612492736346
638 638 0.3799294553245057
639 639 0.2649600850121773
640 640 0.07071969559765175
641 641 0.3796589297419819
642 642 0.3130010311644482
643 643 0.05057203357176208
644 644 0.3775815568521537
645 645 0.2900443113051799
646 646 0.04540494196324011
647 647 0.3779225423577831
648 648 0.3371777914520181
649 649 -0.0438639352171756
650 650 0.37703038626733
651 651 0.2998977049660146
652 652 -0.06645796236458508
653 653 0.3802053212950658
654 654 0.1755748757629493
655 655 -0.02721506680861419
656 656 0.3794286493246558
657 657 0.2798571114244234
658 658 -0.0439417136232635
659 659 0.3781423377115515
660 660 0.1651569713406821
661 661 -0.03025012080163442
662 662 0.3772102641704992
663 663 0.3392899427797056
664 664 -0.04438766801208202
665 665 0.3762908202930336
666 666 0.3268928671950967
667 667 0.01550477508906051
668 668 0.3779595580118664
669 669 0.3796616004118095
670 670 -0.01917828429426036
671 671 0.3771741103763332
672 672 0.2192742061824804
673 673 0.03945107231441421
674 674 0.3779797400792723
675 675 0.1210244899521762
676 676 0.01899691427906034
677 677 0.3783133646871824
678 678 0.2791427209709476
679 679 -0.03655363075180432
680 680 0.3764962322561032
681 681 0.1627256162674111
682 682 -0.02983828556587466
683 683 0.3761415729729405
684 684 0.3844704473919204
685 685 -0.02948087035707426
686 686 0.376860967054177
687 687 0.3563659962630316
688 688 -0.03154124652512597
689 689 0.3757047553772584
690 690 0.4074236304623391
691 691 0.001483588514806246
692 692 0.3769965641258822
693 693 0.4316548746517685
694 694 -0.02022233830883944
695 695 0.3760110350188456
696 696 0.3466332234395103
697 697 0.01840524080197922
698 698 0.3775041609692889
699 699 0.4162524927959566
700 700 0.008761792248808652
701 701 0.3758985597878201
702 702 0.2200018000257133
703 703 0.02355324316512492
704 704 0.3773601793587074
705 705 0.3081227140361408
706 706 0.01993386990491301
707 707 0.3760792748362848
708 708 0.1229153350514545
709 709 0.01493021888814068
710 710 0.3775153975078694
711 711 0.2912629369067744
712 712 -0.02856050829447603
713 713 0.3755781607497843
714 714 0.1707430881531335
715 715 -0.02758652705508905
716 716 0.3752298168319718
717 717 0.420368549131254
718 718 -0.02352690180126287
719 719 0.3758822860822163
720 720 0.3839414932904717
721 721 -0.02638510119828764
722 722 0.3748540584011132
723 723 0.4580050062883377
724 724 -0.01262587647088883
725 725 0.3757597624829666
726 726 0.4756093267905952
727 727 -0.02029928559002819
728 728 0.375219098237322
729 729 0.3782831085664721
730 730 0.004327963139354774
731 731 0.3757265886482647
732 732 0.451047045573593
733 733 -0.000197549053697137
734 734 0.3751647773512558
735 735 0.2290925018847646
736 736 0.01782203814767477
737 737 0.3761884420191157
738 738 0.3247465861915254
739 739 0.01378965592076989
740 740 0.3753730527994416
741 741 0.1276483762118937
742 742 0.01278555879385442
743 743 0.3765486325113994
744 744 0.308782603817593
745 745 -0.02591966658975796
746 746 0.3746539913979549
747 747 0.1801302336229818
748 748 -0.02736506485206935
749 749 0.3741976891248168
750 750 0.4524853755865335
751 751 -0.02103443712740962
752 752 0.3750579561928617
753 753 0.4092229974902827
754 754 -0.02423269553576217
755 755 0.3738435620006083
756 756 0.4978234757088537
757 757 -0.01506571557189304
758 758 0.3750995409238889
759 759 0.5149959943452364
760 760 -0.01812188585465008
761 761 0.374123778203484
762 762 0.4044896762344805
763 763 -0.0007799792237290124
764 764 0.3750455603895716
765 765 0.4894651162906619
766 766 -0.002060212360697266
767 767 0.3740817594306379
768 768 0.2414392473793527
769 769 0.01368309444143717
770 770 0.3752622815000066
771 771 0.347536374672349
772 772 0.01012201850544986
773 773 0.3743234793684356
774 774 0.1346118766973722
775 775 0.0105758904725679
776 776 0.3754862197973844
777 777 0.3256546995849591
778 778 -0.02674424841845009
779 779 0.3734069522134761
780 780 0.1885610648603337
781 781 -0.03004814234334296
782 782 0.3731873996416245
783 783 0.4813297035821963
784 784 -0.0226422266280295
785 785 0.3737761616014306
786 786 0.4285696444419196
787 787 -0.02616610917082743
788 788 0.3732105739282531
789 789 0.5351732600583957
790 790 -0.0155213302089533
791 791 0.3739029413732708
792 792 0.5472629496201427
793 793 -0.01967796524221932
794 794 0.3730865964815895
795 795 0.431458553720782
796 796 -0.00142659953266553
797 797 0.3738792440953895
798 798 0.5207210023892228
799 799 -0.002562358342863891
800 800 0.3732526382794437
801 801 0.2545533426436116
802 802 0.01271781893177752
803 803 0.3740741273815392
804 804 0.3655235388575685
805 805 0.01008976214565922
806 806 0.3738931014673459
807 807 0.140742604902966
808 808 0.01102256383435717
809 809 0.3747468811270754
810 810 0.3436158837803301
811 811 -0.02807229148889388
812 812 0.371021877449305
813 813 0.2074182533053257
814 814 -0.03377748048019678
815 815 0.3707730894516899
816 816 0.5144072087142032
817 817 -0.02799075028488458
818 818 0.3714409627049767
819 819 0.5783845142703326
820 820 -0.01816475146722151
821 821 0.371457416024342
822 822 0.462771203189607
823 823 -0.002582192416054691
824 824 0.3713855660041494
825 825 0.2726570223401325
826 826 0.01617951196450488
827 827 0.3718641306034134
828 828 0.4045303649614697
829 829 0.008176673443967601
830 830 0.3716744952286106
831 831 0.1560662595798401
832 832 0.01237844955646419
833 833 0.372762938566368
834 834 0.3960605993972443
835 835 -0.03459105197598332
836 836 0.3683424960783411
837 837 0.2324735061160617
838 838 -0.04244294902969188
839 839 0.3673544654680045
840 840 0.5951708870936063
841 841 -0.03181045501066226
842 842 0.3687199588241927
843 843 0.5354351958310393
844 844 -0.04061361446851815
845 845 0.3674839837484943
846 846 0.653711024108637
847 847 -0.01732821554355823
848 848 0.3687908520371394
849 849 0.6840964097043781
850 850 -0.028893350393271
851 851 0.36697830518282
852 852 0.5255795379715398
853 853 -0.003879842676156263
854 854 0.3688098665148796
855 855 0.6496800847146357
856 856 -0.005024847684097476
857 857 0.3676107384865284
858 858 0.3089180366017394
859 859 0.01547168436574718
860 860 0.3692401722451972
861 861 0.4537207581211699
862 862 0.01158250092462357
863 863 0.3689761560936917
864 864 0.175266964391336
865 865 0.01056714495095035
866 866 0.3698302534751621
867 867 0.4282015543282472
868 868 -0.04501159879295125
869 869 0.3653395151713755
870 870 0.2533093920844871
871 871 -0.0420994523096359
872 872 0.3643367361571167
873 873 0.643846533470919
874 874 -0.04126196179484826
875 875 0.3653695479195652
876 876 0.5807136672300175
877 877 -0.04109669708966354
878 878 0.3645158542603179
879 879 0.7186960053798623
880 880 -0.0229539284580657
881 881 0.3655743886940926
882 882 0.7426379314163065
883 883 -0.02918410835710837
884 884 0.3641684170485505
885 885 0.5788248741154925
886 886 0.002598788393758623
887 887 0.365796442920989
888 888 0.708257256393322
889 889 -0.005692380585988362
890 890 0.3647123909881856
891 891 0.3430309586639597
892 892 0.01408352451488351
893 893 0.3662203768464259
894 894 0.5003911902760797
895 895 0.009103348953115604
896 896 0.3657276012594966
897 897 0.1946031858840652
898 898 0.007780085075291838
899 899 0.366504401341036
900 900 0.4619111850748864
901 901 -0.04257844908130748
902 902 0.3619415567727812
903 903 0.2808815727814326
904 904 -0.0368310691370851
905 905 0.3614445916186755
906 906 0.6969038621532802
907 907 -0.03929571192622157
908 908 0.3619917396937831
909 909 0.6410210676896124
910 910 -0.03842052635364623
911 911 0.3618607861536979
912 912 0.7800563888706061
913 913 -0.02442849492862584
914 914 0.362163809110903
915 915 0.8197495700253496
916 916 -0.02946001201827613
917 917 0.3616036739878614
918 918 0.629327442272305
919 919 -0.001819554917922262
920 920 0.3621988040921787
921 921 0.7808215471502374
922 922 -0.007972278595426515
923 923 0.3620184608243315
924 924 0.3725572611766863
925 925 0.01067307685785465
926 926 0.3625271380174039
927 927 0.5502440633084449
928 928 0.006170684448074282
929 929 0.3628175600422947
930 930 0.2148451293474976
931 931 0.004759311496717843
932 932 0.3632453186401279
933 933 0.4811947112411772
934 934 -0.04183714887679129
935 935 0.3565431301334645
936 936 0.3352966699689133
937 937 -0.02178708045995197
938 938 0.361209019202325
939 939 0.731869904376095
940 940 -0.03951136042945904
941 941 0.3561740152456683
942 942 0.7387256914369574
943 943 -0.03352075719735154
944 944 0.3632562891175616
945 945 0.8228878865065464
946 946 -0.02550671702066766
947 947 0.3562200053545964
948 948 0.9463033824611822
949 949 -0.03203872934695474
950 950 0.3635494295215107
951 951 0.6589229311152058
952 952 -0.002530469231008691
953 953 0.3564187088062363
954 954 0.8999327007865633
955 955 -0.007212943342897384
956 956 0.3636724982650852
957 957 0.3838882370404119
958 958 0.01061020760407529
959 959 0.3571946021103958
960 960 0.6309942463652404
961 961 0.0008511934247350389
962 962 0.3635478414993337
963 963 0.2525462890928005
964 964 -0.002752861408983925
965 965 0.3621534105772057
966 966 0.4015196629095755
967 967 -0.08682693493794406
968 968 0.3430851274663571
969 969 0.6844143447393944
970 970 0.05537634338453278
971 971 0.3680988307586655
972 972 0.6589082152388802
973 973 -0.07685692603518232
974 974 0.3406566134332205
975 975 1.365885854212159
976 976 0.04525021041700224
977 977 0.3746304654268955
978 978 0.7543618893013359
979 979 -0.02208811166074443
980 980 0.3397780257283936
981 981 1.676554442608232
982 982 -0.005732386206910864
983 983 0.3773806274587262
984 984 0.5920297812250284
985 985 0.0404579182997111
986 986 0.3416507707359628
987 987 1.60056618025247
988 988 -0.03557673341389209
989 989 0.3766108257432643
990 990 0.3210257103405225
991 991 0.05484488545777032
992 992 0.3448947306983061
993 993 1.177080718661453
994 994 -0.06625804680774829
995 995 0.372812029127658
996 996 0.5119365170056649
997 997 -0.04776225540132226
998 998 0.3666474267999032
999 999 -0.4546381041404631
1000 1000 -0.3092129344211578
1001 1001 0.2916677726769463
1002 1002 2.704195938744218
1003 1003 0.4738352142221033
1004 1004 0.4315717013748668
1005 1005 -0.3920467619901298
1006 1006 -0.242013478408136
1007 1007 0.2822479665333525
1008 1008 5.040765882550188
1009 1009 0.5328523200484973
1010 1010 0.4606836173725722
1011 1011 -0.326349874232981
1012 1012 0.0004458112847270327
1013 1013 0.2786945538384268
1014 1014 5.960967732285468
1015 1015 0.2017445297284757
1016 1016 0.4758199494248641
1017 1017 -0.3420605227964512
1018 1018 0.2291481222172543
1019 1019 0.2866858315203081
1020 1020 5.707285289660926
1021 1021 -0.2267523170536195
1022 1022 0.4708819618860424
1023 1023 -0.3381141649584702
1024 1024 0.2492377237642606
1025 1025 0.2990270163468962
1026 1026 4.373071599043918
1027 1027 -0.4821438930369627
1028 1028 0.4480950131926746
1029 1029 2.020968323125206
1030 1030 -0.3194494944891818
1031 1031 0.4176347862480242
1032 1032 -6.937075616366866
1033 1033 -1.503176855540195
1034 1034 0.01873412387525542
1035 1035 13.9731592605888
1036 1036 3.037775644865279
1037 1037 0.9306395000967019
1038 1038 -8.605180629254187
1039 1039 -1.027114517172075
1040 1040 -0.03218992449590226
1041 1041 24.45555009778075
1042 1042 3.41646634375027
1043 1043 1.102763253559932
1044 1044 -8.985174561632997
1045 1045 0.07238552459842139
1046 1046 -0.04984213772571149
1047 1047 28.13632239128303
1048 1048 1.265910666004907
1049 1049 1.196527005352551
1050 1050 -7.895843302227622
1051 1051 1.040544106245014
1052 1052 -0.009419016204262288
1053 1053 26.99996506026618
1054 1054 -1.126227875544316
1055 1055 1.171905028355505
1056 1056 -5.621182117708788
1057 1057 1.218947967766427
1058 1058 0.05548953259183111
1059 1059 21.36235999124397
1060 1060 -2.949884995889147
1061 1061 1.036547018015092
1062 1062 10.52193889870684
1063 1063 -2.04030932291478
1064 1064 0.8531466618022679
1065 1065 -48.83366533148899
1066 1066 -10.85284918890467
1067 1067 -1.525882396131838
1068 1068 -59.25700926747535
1069 1069 -8.336775112910116
1070 1070 -1.815868720722859
1071 1071 -61.36887177761018
1072 1072 0.3760876600505845
1073 1073 -1.926935521361502
1074 1074 -55.90713440108122
1075 1075 8.326303180220513
1076 1076 -1.697502898073563
1077 1077 -41.56818948885884
1078 1078 8.97084848477318
1079 1079 -1.329934153734964
1080 1080 0.6090321894581793
1081 1081 -0.0265778668530803
1082 1082 0.3719653457159787
1083 1083 0.5782826649648187
1084 1084 -0.001414280148264162
1085 1085 0.3724459389618245
1086 1086 0.4759903667959033
1087 1087 -0.02579779559246536
1088 1088 0.3722715189755159
1089 1089 0.02547844500939255
1090 1090 -0.03470151333333176
1091 1091 0.4001124749765021
1092 1092 0.02305092061176539
1093 1093 0.02672306768501509
1094 1094 0.4001692324088836
1095 1095 0.07103845288266702
1096 1096 0.06101168393153656
1097 1097 0.3989169280782218
1098 1098 0.1595380207439593
1099 1099 0.06352467294148216
1100 1100 0.3970064864320617
1101 1101 0.248976664525212
1102 1102 0.02737893954516914
1103 1103 0.3936221611294753
1104 1104 0.2943507703389467
1105 1105 -0.03386153063443079
1106 1106 0.3886739549719613
1107 1107 0.2457296034903535
1108 1108 0.0004651994332281507
1109 1109 0.3900720676770821
1110 1110 0.2856674465967092
1111 1111 0.0003176562075285286
1112 1112 0.3899251005215474
1113 1113 0.1801443752771097
1114 1114 0.04942621179223376
1115 1115 0.394496541753138
1116 1116 0.207259188669164
1117 1117 0.04739796368394304
1118 1118 0.39418052988395
1119 1119 0.09195441917515315
1120 1120 0.06445575740510394
1121 1121 0.3973559251905378
1122 1122 0.109824541578131
1123 1123 0.06349044433008658
1124 1124 0.3963681820610739
1125 1125 0.02937623049164489
1126 1126 0.04129354428595517
1127 1127 0.3990356785622978
1128 1128 0.04781139649064203
1129 1129 0.04490317117800142
1130 1130 0.3974054528625955
1131 1131 0.01217865350001987
1132 1132 -0.004688998833751012
1133 1133 0.3998522803443647
1134 1134 0.01836974145751847
1135 1135 -0.006150734610134796
1136 1136 0.3990241087562912
1137 1137 0.04030553986429913
1138 1138 -0.06007458340821996
1139 1139 0.4000357838199408
1140 1140 0.08349473137015699
1141 1141 -0.08482772213053527
1142 1142 0.3989340334594789
1143 1143 0.06105872259584365
1144 1144 -0.0647174780858879
1145 1145 0.3982141134714516
1146 1146 0.3643353864205844
1147 1147 0.02480498421328434
1148 1148 0.379192430395935
1149 1149 0.2871809766977965
1150 1150 0.03842238075817034
1151 1151 0.3782628604148639
1152 1152 0.3380861169361946
1153 1153 -0.04554272677753686
1154 1154 0.3791124244879812
1155 1155 0.07000613415084159
1156 1156 -0.01535874049062922
1157 1157 0.3959016032294417
1158 1158 0.06706835759292448
1159 1159 0.01426692416339786
1160 1160 0.3951158733852531
1161 1161 0.09121484631194499
1162 1162 0.02898528306644248
1163 1163 0.3948127289878674
1164 1164 0.04906820521360422
1165 1165 0.04345973381239374
1166 1166 0.3992801064449342
1167 1167 0.008720083754065322
1168 1168 0.03350688134021124
1169 1169 0.4015894128009608
1170 1170 -0.01038566086294506
1171 1171 0.008712976902070471
1172 1172 0.4023679352574087
1173 1173 -0.007676691746065303
1174 1174 -0.02183362148922124
1175 1175 0.402784727811945
1176 1176 0.01409204961604173
1177 1177 -0.05228027849574778
1178 1178 0.4024409383821193
1179 1179 0.04932903770442733
1180 1180 -0.06222244878168023
1181 1181 0.399886929369251
1182 1182 0.09003374028531955
1183 1183 -0.04312000513877778
1184 1184 0.3955660386194154
1185 1185 0.1146358320219487
1186 1186 -0.003419980844504794
1187 1187 0.3899957281195399
1188 1188 0.1126423536493674
1189 1189 -0.006363576063369347
1190 1190 0.38929111563177
1191 1191 0.1428259999077093
1192 1192 -0.08270250597209293
1193 1193 0.3953080558448605
1194 1194 0.21502527537466
1195 1195 -0.03678083333951683
1196 1196 0.3923008320939376
1197 1197 0.2533107919291747
1198 1198 0.03291615662216872
1199 1199 0.3880076003686355
1200 1200 0.1767091798774435
1201 1201 -0.04990101807352963
1202 1202 0.3943948129990452
1203 1203 0.2473459641184105
1204 1204 -0.006711864360592099
1205 1205 0.3916486959211339
1206 1206 0.2943278208554687
1207 1207 0.04995084384317294
1208 1208 0.3872169656067228
1209 1209 0.1969714602757018
1210 1210 0.04026150356544415
1211 1211 0.3845213212848296
1212 1212 0.1574460343794723
1213 1213 0.02745910224864608
1214 1214 0.3884406389550462
1215 1215 0.1332560667692644
1216 1216 0.02184602564450388
1217 1217 0.3930652665624161
1218 1218 0.1189843292365253
1219 1219 0.01846041596634317
1220 1220 0.3964365498906336
1221 1221 0.05809717628170522
1222 1222 0.01691871398548052
1223 1223 0.3976865901230844
1224 1224 0.06939192344994798
1225 1225 -0.02614063640499514
1226 1226 0.3970632052173077
1227 1227 0.1253932508742031
1228 1228 -0.02395037795515844
1229 1229 0.3964388498998217
1230 1230 0.1568630842918692
1231 1231 -0.03052175243530265
1232 1232 0.3924393517345297
1233 1233 0.1789114181681426
1234 1234 -0.02837920895524129
1235 1235 0.3877089404348222
1236 1236 0.2178393379305143
1237 1237 -0.04075170858709066
1238 1238 0.3846270807228716
1239 1239 0.03325362936664484
1240 1240 -0.01413917733696288
1241 1241 0.3986940277704641
1242 1242 0.04720612258691487
1243 1243 0.006148479564572618
1244 1244 0.3979645445022791
1245 1245 0.03789439817307078
1246 1246 0.01296250894087618
1247 1247 0.3988305719370355
1248 1248 0.03838986788424542
1249 1249 -0.01773397924654187
1250 1250 0.3990309111108916
1251 1251 0.04300118384711973
1252 1252 -0.009023269913068115
1253 1253 0.3980478876789722
1254 1254 0.01996090543783837
1255 1255 0.00609156865742286
1256 1256 0.3987618082289509
1257 1257 0.1719775729786107
1258 1258 0.03525833867278542
1259 1259 0.3821077114293308
1260 1260 0.2094352215101263
1261 1261 -0.03617407452730477
1262 1262 0.3823559532650639
1263 1263 0.1682093234000875
1264 1264 -0.03064299416689624
1265 1265 0.3797129408801576
1266 1266 0.1245516825611548
1267 1267 0.02514152896266552
1268 1268 0.3796760080999158
1269 1269 0.1610730578094018
1270 1270 -0.03327684008989021
1271 1271 0.3782166462752543
1272 1272 0.3438781066743464
1273 1273 -0.03544816929882758
1274 1274 0.3779923689932416
1275 1275 0.4078159800024481
1276 1276 -0.01821346362325544
1277 1277 0.3789096770586751
1278 1278 0.3995498045562521
1279 1279 0.01635954323452489
1280 1280 0.3788501232859758
1281 1281 0.2984521737780075
1282 1282 0.02584206421157897
1283 1283 0.3779836315607658
1284 1284 0.1188273870832297
1285 1285 0.0184812132640433
1286 1286 0.3785044041101416
1287 1287 0.1645367782191593
1288 1288 -0.0309001980229747
1289 1289 0.3773200915371594
1290 1290 0.367827801035197
1291 1291 -0.02746934067804507
1292 1292 0.3776142244399194
1293 1293 0.4532346943050085
1294 1294 -0.02015378042044183
1295 1295 0.3786504671190976
1296 1296 0.4324009824741981
1297 1297 0.002294099883363347
1298 1298 0.37830383033054
1299 1299 0.3133842333686726
1300 1300 0.0164790021107075
1301 1301 0.376990810420583
1302 1302 0.1235176418484382
1303 1303 0.01612949640815173
1304 1304 0.3772901651957947
1305 1305 0.1737375901738614
1306 1306 -0.02931759752342193
1307 1307 0.3762353279823384
1308 1308 0.3939101237468966
1309 1309 -0.02389483595944734
1310 1310 0.3764350552925082
1311 1311 0.4941452811697853
1312 1312 -0.01898044394087093
1313 1313 0.3773819423138371
1314 1314 0.4689881767701989
1315 1315 -0.002758135686984216
1316 1316 0.3770543201318207
1317 1317 0.3337185096198321
1318 1318 0.01091379000986767
1319 1319 0.3757848012128101
1320 1320 0.1297133569560278
1321 1321 0.01346024801593951
1322 1322 0.3761160745171872
1323 1323 0.1825580369836589
1324 1324 -0.03079206680502084
1325 1325 0.3750334454277054
1326 1326 0.415478883076375
1327 1327 -0.02436164048136862
1328 1328 0.374947399346696
1329 1329 0.5291720638662938
1330 1330 -0.01893329640012957
1331 1331 0.3757605109732984
1332 1332 0.5022235173450732
1333 1333 -0.003663249822164857
1334 1334 0.3754072891380255
1335 1335 0.3520984283696592
1336 1336 0.009267070205663138
1337 1337 0.3742351720088366
1338 1338 0.1352246398754706
1339 1339 0.01299361973534603
1340 1340 0.3748457537148128
1341 1341 0.1931649800429674
1342 1342 -0.03900070852640932
1343 1343 0.3730662066481119
1344 1344 0.4392288937475311
1345 1345 -0.02551013940440899
1346 1346 0.3731851203766482
1347 1347 0.5648021102030314
1348 1348 -0.02330654816348917
1349 1349 0.373137597153649
1350 1350 0.5355363579171858
1351 1351 -0.006806181451543173
1352 1352 0.3728059735544298
1353 1353 0.3782823212486215
1354 1354 0.009905885794441292
1355 1355 0.3722719400620376
1356 1356 0.1439692543150264
1357 1357 0.01820974672305724
1358 1358 0.3730200791391487
1359 1359 0.2218691761472679
1360 1360 -0.04251182258801052
1361 1361 0.3705592289849378
1362 1362 0.5134603341947727
1363 1363 -0.03149373963117807
1364 1364 0.3704965698195199
1365 1365 0.6544341641478474
1366 1366 -0.02617748936690291
1367 1367 0.3703590709103699
1368 1368 0.6189645084883819
1369 1369 -0.006891487996690143
1370 1370 0.3700034633179718
1371 1371 0.4270709088871027
1372 1372 0.009233944268905427
1373 1373 0.3694559876575044
1374 1374 0.1647728079606721
1375 1375 0.01610030998404129
1376 1376 0.3701860851990382
1377 1377 0.2391119285278907
1378 1378 -0.04765354214178433
1379 1379 0.3675247276949059
1380 1380 0.5521595535788134
1381 1381 -0.04269345021586195
1382 1382 0.3672209777440013
1383 1383 0.7071184140687133
1384 1384 -0.02991549100502458
1385 1385 0.3670276316163438
1386 1386 0.6729536329029958
1387 1387 -0.00619810715224874
1388 1388 0.3665501778128643
1389 1389 0.4738757464983181
1390 1390 0.01123756035794992
1391 1391 0.3663677696203635
1392 1392 0.1834383731382451
1393 1393 0.01398874468359583
1394 1394 0.3670474954113599
1395 1395 0.257722067086912
1396 1396 -0.04407959344458744
1397 1397 0.3639003714677665
1398 1398 0.5968903846935727
1399 1399 -0.04059322980488649
1400 1400 0.3635708679941152
1401 1401 0.7669230879156252
1402 1402 -0.03015760459292179
1403 1403 0.3634462997305661
1404 1404 0.731411994985294
1405 1405 -0.009707366467208975
1406 1406 0.3629590876200221
1407 1407 0.5148227572234453
1408 1408 0.007055453914138553
1409 1409 0.3626733768507701
1410 1410 0.1989276966807799
1411 1411 0.01176784653511781
1412 1412 0.3633368090288083
1413 1413 0.2641159708273523
1414 1414 -0.04473927084578384
1415 1415 0.3588609642402539
1416 1416 0.6247749450994172
1417 1417 -0.04045783342710893
1418 1418 0.3579102874217432
1419 1419 0.8084521452624253
1420 1420 -0.03191098374659777
1421 1421 0.3576243366741861
1422 1422 0.769778859895451
1423 1423 -0.01090333626195653
1424 1424 0.3572359213978732
1425 1425 0.5353936856436232
1426 1426 0.006366390906742715
1427 1427 0.3572282486002036
1428 1428 0.2014530207702051
1429 1429 0.01350972294966781
1430 1430 0.3584071398716996
1431 1431 0.1964777200363042
1432 1432 -0.08678418263321971
1433 1433 0.3471263152796384
1434 1434 0.5480531418126525
1435 1435 -0.08463637407462934
1436 1436 0.3443037195281725
1437 1437 0.7386064070426017
1438 1438 -0.05110071964081261
1439 1439 0.341755515638925
1440 1440 0.7025901318821914
1441 1441 0.01181851391370804
1442 1442 0.3419542257343745
1443 1443 0.4691006676068698
1444 1444 0.05278809608231187
1445 1445 0.3448989693632261
1446 1446 0.1530257510743696
1447 1447 0.04991125122431367
1448 1448 0.3480507254597766
1449 1449 -0.3902325221044751
1450 1450 -0.253595844760944
1451 1451 0.3008592882863652
1452 1452 -0.4317889376892924
1453 1453 -0.2949793821409362
1454 1454 0.2888482022713397
1455 1455 -0.3497760415042645
1456 1456 -0.1302595528607095
1457 1457 0.2809417526831996
1458 1458 -0.3273595544072756
1459 1459 0.1305886582216292
1460 1460 0.2830149491009629
1461 1461 -0.3524697630631363
1462 1462 0.2647304585805981
1463 1463 0.2943026570599254
1464 1464 -0.2594620101318417
1465 1465 0.1734297273718392
1466 1466 0.3073199351683367
1467 1467 -4.742493905975897
1468 1468 -1.205492664701648
1469 1469 0.06313483247436683
1470 1470 -7.976843794827082
1471 1471 -1.353432775999367
1472 1472 -0.00830101733382366
1473 1473 -8.98951683969965
1474 1474 -0.5040645613283185
1475 1475 -0.04525140383132108
1476 1476 -8.644509620350751
1477 1477 0.617702735399125
1478 1478 -0.03378741792607994
1479 1479 -6.973680581018447
1480 1480 1.248513651299257
1481 1481 0.02101478827601073
1482 1482 -3.526205323792312
1483 1483 0.8175626515184017
1484 1484 0.09574366285444963
1485 1485 -33.26424940411079
1486 1486 -8.009015497777638
1487 1487 -1.290153151041608
1488 1488 -55.62463632423715
1489 1489 -10.41963352654921
1490 1490 -1.672544026571096
1491 1491 -61.22511823661925
1492 1492 -4.294848721878288
1493 1493 -1.89779042616393
1494 1494 -59.70392538502544
1495 1495 4.900787317619907
1496 1496 -1.83872596139284
1497 1497 -50.53575694732785
1498 1498 9.620735993439636
1499 1499 -1.517087638466259
1500 1500 -26.28155364384177
1501 1501 5.734671886779485
1502 1502 -1.111156634292253
1503 1503 0.2582407100655511
1504 1504 -0.03370220360655652
1505 1505 0.3879803248310436
1506 1506 0.3093733096302766
1507 1507 -0.03124753715365199
1508 1508 0.3877490187233701
1509 1509 0.2174352388127165
1510 1510 0.02516532541067483
1511 1511 0.3935382760623187
1512 1512 0.2517290863434894
1513 1513 0.03383480077990868
1514 1514 0.3932192117401915
1515 1515 0.1372242788768209
1516 1516 0.06112506322718235
1517 1517 0.3974853535787389
1518 1518 0.1563596391290107
1519 1519 0.0625193704209098
1520 1520 0.3970248946616712
1521 1521 0.05819142682786831
1522 1522 0.05656162953660668
1523 1523 0.3995838539422434
1524 1524 0.07271545046486877
1525 1525 0.06185677264331591
1526 1526 0.3986737271218357
1527 1527 0.01744995275887345
1528 1528 0.02101259140432097
1529 1529 0.4003782376333156
1530 1530 0.02163554376360981
1531 1531 0.03006287432081067
1532 1532 0.3993198832739567
1533 1533 0.07965340809817455
1534 1534 -0.0844299529505274
1535 1535 0.4004415551619812
1536 1536 0.09678684516979232
1537 1537 -0.08113711891121414
1538 1538 0.3990318101214563
1539 1539 0.02293228683458535
1540 1540 -0.03198847315316358
1541 1541 0.40112800795163
1542 1542 0.02688486587144394
1543 1543 -0.04027603624928953
1544 1544 0.3995919182382124
1545 1545 0.03731567646349845
1546 1546 0.0257495361686304
1547 1547 0.3760187904062924
1548 1548 0.03461362383179663
1549 1549 -0.01379835683368602
1550 1550 0.3758869279923987
1551 1551 0.06378439392544245
1552 1552 -0.04097787323246929
1553 1553 0.3786907972110315
1554 1554 0.1011500911578036
1555 1555 -0.03657180983900347
1556 1556 0.383704194407577
1557 1557 0.1044242073292155
1558 1558 0.03475396438586841
1559 1559 0.3847566815593029
1560 1560 0.06946704229905461
1561 1561 0.04741996425354741
1562 1562 0.3791347569243942
1563 1563 0.1713935752622749
1564 1564 0.1056932089019789
1565 1565 0.3798091419209007
1566 1566 0.2333098709413527
1567 1567 0.09396238132447862
1568 1568 0.3846211275026307
1569 1569 0.1152985042060311
1570 1570 0.05586840151001858
1571 1571 0.3782072907269057
1572 1572 0.11149111290641
1573 1573 -0.02617182602698609
1574 1574 0.3780943540291865
1575 1575 0.1639666273534141
1576 1576 -0.08599303140378442
1577 1577 0.3798955671479936
1578 1578 0.2321986368627295
1579 1579 -0.08466503035355605
1580 1580 0.3838067459368353
1581 1581 0.2613758229243194
1582 1582 0.1086306066495962
1583 1583 0.3805982550511037
1584 1584 0.2979674795620599
1585 1585 0.1027517679305901
1586 1586 0.3841129292609577
1587 1587 0.222101370768507
1588 1588 0.05826670918247468
1589 1589 0.3798068174058687
1590 1590 0.2237192256784528
1591 1591 -0.02419744651891419
1592 1592 0.3797562560730026
1593 1593 0.2636212350543241
1594 1594 -0.08824661853452252
1595 1595 0.3808088485308604
1596 1596 0.3090386492825922
1597 1597 -0.0908407214827998
1598 1598 0.3834643179473797
1599 1599 0.2921273268711796
1600 1600 0.07224656358239906
1601 1601 0.3805447279078868
1602 1602 0.3196777420861746
1603 1603 -0.0706972876214518
1604 1604 0.3805162269479044
1605 1605 0.3286838125215247
1606 1606 -0.01640073974292663
1607 1607 0.3800538622074826
1608 1608 0.310144608661392
1609 1609 0.03703418731638199
1610 1610 0.3801374513094359
1611 1611 0
1612 1612 0
1613 1613 0.39900746926498
1614 1614 0
1615 1615 0
1616 1616 0.3986985327961554
1617 1617 0
1618 1618 0
1619 1619 0.4000417539577483
1620 1620 0
1621 1621 0
1622 1622 0.3986873371508458
1623 1623 0
1624 1624 0
1625 1625 0.398957898604449
1626 1626 0
1627 1627 0
1628 1628 0.3999838405186831
1629 1629 0
1630 1630 0
1631 1631 0.3984327211016113
1632 1632 0
1633 1633 0
1634 1634 0.3999940059820156
1635 1635 0
1636 1636 0
1637 1637 0.399968043052927
1638 1638 0
1639 1639 0
1640 1640 0.3985142071126942
1641 1641 0
1642 1642 0
1643 1643 0.3996717288761019
1644 1644 118.3609620261206
1645 1645 16.69361531833029
1646 1646 4.977087180014879
1647 1647 156.2365752814993
1648 1648 13.30133870137055
1649 1649 5.384501976231507
1650 1650 167.4073187676819
1651 1651 -1.170930112587685
1652 1652 5.548009141809488
1653 1653 145.7364177727004
1654 1654 -14.00442930936155
1655 1655 5.212465774928002
1656 1656 99.37512450739328
1657 1657 -14.14445604083551
1658 1658 4.693893276511849
1659 1659 74.97939978140549
1660 1660 12.07713298491662
1661 1661 4.649759517081343
1662 1662 141.5466896342226
1663 1663 16.36295906807512
1664 1664 5.171198539286731
1665 1665 166.0223426672403
1666 1666 6.679224245714002
1667 1667 5.500535785287175
1668 1668 160.8545279750658
1669 1669 -8.661552467065595
1670 1670 5.415547258151418
1671 1671 126.8575481535107
1672 1672 -15.65797478950099
1673 1673 4.948918814627245
1674 1674 59.27669881892491
1675 1675 -8.841672242983874
1676 1676 4.394450512299356
1677 1677 0
1678 1678 0
1679 1679 0.3989684480267571
1680 1680 0
1681 1681 0
1682 1682 0.4002244139313936
1683 1683 0
1684 1684 0
1685 1685 0.3959246722404222
1686 1686 0
1687 1687 0
1688 1688 0.3914273105465648
1689 1689 0
1690 1690 0
1691 1691 0.3858826129723504
1692 1692 0
1693 1693 0
1694 1694 0.3810863105138306
1695 1695 0
1696 1696 0
1697 1697 0.4003530525021728
1698 1698 0
1699 1699 0
1700 1700 0.3795165753975617
1701 1701 0
1702 1702 0
1703 1703 0.3792028817315454
1704 1704 0
1705 1705 0
1706 1706 0.3783297758399714
1707 1707 0
1708 1708 0
1709 1709 0.3772963462342348
1710 1710 0
1711 1711 0
1712 1712 0.3762836963650096
1713 1713 0
1714 1714 0
1715 1715 0.3752706076192991
1716 1716 0
1717 1717 0
1718 1718 0.3727289282507261
1719 1719 0
1720 1720 0
1721 1721 0.3697810486645375
1722 1722 0
1723 1723 0
1724 1724 0.3664072594283943
1725 1725 0
1726 1726 0
1727 1727 0.3628512302935693
1728 1728 0
1729 1729 0
1730 1730 0.3611734524944588
1731 1731 0
1732 1732 0
1733 1733 0.3656251215660317
1734 1734 0
1735 1735 0
1736 1736 0.4174759555353823
1737 1737 0
1738 1738 0
1739 1739 0.8467063169076869
1740 1740 0
1741 1741 0
1742 1742 4.428807011010393
1743 1743 0
1744 1744 0
1745 1745 0.4004465313026386
1746 1746 0
1747 1747 0
1748 1748 0.3981551757689739
1749 1749 0
1750 1750 0
1751 1751 0.3939211438055655
1752 1752 0
1753 1753 0
1754 1754 0.3886469603857998
1755 1755 0
1756 1756 0
1757 1757 0.3835916305082312
1758 1758 0
1759 1759 0
1760 1760 0.4005281620679967
1761 1761 0
1762 1762 0
1763 1763 0.3801933641342777
1764 1764 0
1765 1765 0
1766 1766 0.3793966187358529
1767 1767 0
1768 1768 0
1769 1769 0.3787840072081447
1770 1770 0
1771 1771 0
1772 1772 0.3777922798069381
1773 1773 0
1774 1774 0
1775 1775 0.3767831565858468
1776 1776 0
1777 1777 0
1778 1778 0.3757890277280962
1779 1779 0
1780 1780 0
1781 1781 0.3743220692745733
1782 1782 0
1783 1783 0
1784 1784 0.3715392048649701
1785 1785 0
1786 1786 0
1787 1787 0.368515646165508
1788 1788 0
1789 1789 0
1790 1790 0.3648551302343132
1791 1791 0
1792 1792 0
1793 1793 0.3604797177362282
1794 1794 0
1795 1795 0
1796 1796 0.3502513763842361
1797 1797 0
1798 1798 0
1799 1799 0.3080695104532608
1800 1800 0
1801 1801 0
1802 1802 0.09842119703822177
1803 1803 0
1804 1804 0
1805 1805 -1.126068565108749
1806 1806 0
1807 1807 0
1808 1808 0.3999047725507383
1809 1809 0
1810 1810 0
1811 1811 0.4003820089131502
1812 1812 0
1813 1813 0
1814 1814 0.3995692136138211
1815 1815 0
1816 1816 0
1817 1817 0.3966569390844001
1818 1818 0
1819 1819 0
1820 1820 0.3915079140393096
1821 1821 0
1822 1822 0
1823 1823 0.385645473729224
1824 1824 0
1825 1825 0
1826 1826 0.3810595879880067
1827 1827 0
1828 1828 0
1829 1829 0.3798923518176012
1830 1830 0
1831 1831 0
1832 1832 0.3790975591224224
1833 1833 0
1834 1834 0
1835 1835 0.3781428479383297
1836 1836 0
1837 1837 0
1838 1838 0.3770751333237596
1839 1839 0
1840 1840 0
1841 1841 0.3759999061025126
1842 1842 0
1843 1843 0
1844 1844 0.3749514976391969
1845 1845 0
1846 1846 0
1847 1847 0.3724927071722407
1848 1848 0
1849 1849 0
1850 1850 0.3693457847422524
1851 1851 0
1852 1852 0
1853 1853 0.3659557937217847
1854 1854 0
1855 1855 0
1856 1856 0.362427551423215
1857 1857 0
1858 1858 0
1859 1859 0.361076398980528
1860 1860 0
1861 1861 0
1862 1862 0.3643062607284895
1863 1863 0
1864 1864 0
1865 1865 0.4068150972994846
1866 1866 0
1867 1867 0
1868 1868 0.7884631578199094
1869 1869 0
1870 1870 0
1871 1871 4.222093430391305
1872 1872 0
1873 1873 0
1874 1874 0.4001165315833108
1875 1875 0
1876 1876 0
1877 1877 0.4007101981734424
1878 1878 0
1879 1879 0
1880 1880 0.3986704428061101
1881 1881 0
1882 1882 0
1883 1883 0.3943876540160033
1884 1884 0
1885 1885 0
1886 1886 0.3886444673476362
1887 1887 0
1888 1888 0
1889 1889 0.3831330418182713
1890 1890 0
1891 1891 0
1892 1892 0.3803449478463255
1893 1893 0
1894 1894 0
1895 1895 0.3795986255642422
1896 1896 0
1897 1897 0
1898 1898 0.3786447906814004
1899 1899 0
1900 1900 0
1901 1901 0.377634955485164
1902 1902 0
1903 1903 0
1904 1904 0.3765367702552075
1905 1905 0
1906 1906 0
1907 1907 0.3755068361331322
1908 1908 0
1909 1909 0
1910 1910 0.3737428308817852
1911 1911 0
1912 1912 0
1913 1913 0.3708034774777728
1914 1914 0
1915 1915 0
1916 1916 0.3676038305968065
1917 1917 0
1918 1918 0
1919 1919 0.3639151616968581
1920 1920 0
1921 1921 0
1922 1922 0.3594369055388098
1923 1923 0
1924 1924 0
1925 1925 0.3127669472769352
1926 1926 0
1927 1927 0
1928 1928 0.1223014645057008
1929 1929 0
1930 1930 0
1931 1931 -0.9814904476918557
1932 1932 0
1933 1933 0
1934 1934 0.3502694533376476
1935 1935 0
1936 1936 0
1937 1937 0.3993866208863597
1938 1938 0
1939 1939 0
1940 1940 0.3932506377090235
1941 1941 0
1942 1942 0
1943 1943 0.4029877686990953
1944 1944 0
1945 1945 0
1946 1946 0.4043959407469332
1947 1947 0
1948 1948 0
1949 1949 0.4046067973870561
1950 1950 0
1951 1951 0
1952 1952 0.4042864302498612
1953 1953 0
1954 1954 0
1955 1955 0.4040704773786826
1956 1956 0
1957 1957 0
1958 1958 0.4009687151903509
1959 1959 0
1960 1960 0
1961 1961 0.3945936192280954
1962 1962 0
1963 1963 0
1964 1964 0.3865727154115874
1965 1965 0
1966 1966 0
1967 1967 0.3787698195363163
1968 1968 0
1969 1969 0
1970 1970 0.3727860192211473
1971 1971 0
1972 1972 0
1973 1973 0.3703277132384902
1974 1974 0
1975 1975 0
1976 1976 0.3723336056811202
1977 1977 0
1978 1978 0
1979 1979 0.378178713480508
1980 1980 0
1981 1981 0
1982 1982 0.3856044636251481
1983 1983 0
1984 1984 0
1985 1985 0.3969989463862292
1986 1986 0
1987 1987 0
1988 1988 0.4041825441963474
1989 1989 0
1990 1990 0
1991 1991 0.4049312905099559
1992 1992 0
1993 1993 0
1994 1994 0.4048523742259491
1995 1995 0
1996 1996 0
1997 1997 0.4048370680497443
1998 1998 0
1999 1999 0
2000 2000 0.403409925039744
2001 2001 0
2002 2002 0
2003 2003 0.3986370695818068
2004 2004 0
2005 2005 0
2006 2006 0.3911944196663501
2007 2007 0
2008 2008 0
2009 2009 0.3830530241602549
2010 2010 0
2011 2011 0
2012 2012 0.3759603432189629
2013 2013 0
2014 2014 0
2015 2015 0.3715002569938213
2016 2016 0
2017 2017 0
2018 2018 0.3712355031749074
2019 2019 0
2020 2020 0
2021 2021 0.3753010030274718
2022 2022 0
2023 2023 0
2024 2024 0.382200022069569
2025 2025 0
2026 2026 0
2027 2027 0.4018059495086512
2028 2028 0
2029 2029 0
2030 2030 0.3898103023780448
2031 2031 28.2436327531737
2032 2032 0.0429011229692696
2033 2033 1.197317140419697
