1
2
2034
0.173212 0.264672
0.173212 0.264672
0.173212 0.264672
0.2 0.27
0.2 0.27
0.2 0.27
0.150503 0.249497
0.150503 0.249497
0.150503 0.249497
0.135328 0.226788
0.135328 0.226788
0.135328 0.226788
0.13 0.2
0.13 0.2
0.13 0.2
0.135328 0.173212
0.135328 0.173212
0.135328 0.173212
0.150503 0.150503
0.150503 0.150503
0.150503 0.150503
0.173212 0.135328
0.173212 0.135328
0.173212 0.135328
0.2 0.13
0.2 0.13
0.2 0.13
0.226788 0.135328
0.226788 0.135328
0.226788 0.135328
0.249497 0.150503
0.249497 0.150503
0.249497 0.150503
0.264672 0.173212
0.264672 0.173212
0.264672 0.173212
0.27 0.2
0.27 0.2
0.27 0.2
0.264672 0.226788
0.264672 0.226788
0.264672 0.226788
0.249497 0.249497
0.249497 0.249497
0.249497 0.249497
0.226788 0.264672
0.226788 0.264672
0.226788 0.264672
0.129289 0.129289
0.129289 0.129289
0.129289 0.129289
0.161732 0.107612
0.161732 0.107612
0.161732 0.107612
0.2 0.1
0.2 0.1
0.2 0.1
0.238268 0.107612
0.238268 0.107612
0.238268 0.107612
0.270711 0.129289
0.270711 0.129289
0.270711 0.129289
0.292388 0.161732
0.292388 0.161732
0.292388 0.161732
0.3 0.2
0.3 0.2
0.3 0.2
0.292388 0.238268
0.292388 0.238268
0.292388 0.238268
0.270711 0.270711
0.270711 0.270711
0.270711 0.270711
0.238268 0.292388
0.238268 0.292388
0.238268 0.292388
0.2 0.35
0.2 0.35
0.2 0.35
0.142597 0.338582
0.142597 0.338582
0.142597 0.338582
0.093934 0.306066
0.093934 0.306066
0.093934 0.306066
0.05 0.28
0.05 0.28
0.05 0.28
0.05 0.2
0.05 0.2
0.05 0.2
0.05 0.12
0.05 0.12
0.05 0.12
0.093934 0.093934
0.093934 0.093934
0.093934 0.093934
0.142597 0.0614181
0.142597 0.0614181
0.142597 0.0614181
0.2 0.05
0.2 0.05
0.2 0.05
0.257403 0.0614181
0.257403 0.0614181
0.257403 0.0614181
0.306066 0.093934
0.306066 0.093934
0.306066 0.093934
0.338582 0.142597
0.338582 0.142597
0.338582 0.142597
0.35 0.2
0.35 0.2
0.35 0.2
0.338582 0.257403
0.338582 0.257403
0.338582 0.257403
0.306066 0.306066
0.306066 0.306066
0.306066 0.306066
0.257403 0.338582
0.257403 0.338582
0.257403 0.338582
0.05 0.06
0.05 0.06
0.05 0.06
0.05 0.34
0.05 0.34
0.05 0.34
0.35 0.06
0.35 0.06
0.35 0.06
0.4 0.12
0.4 0.12
0.4 0.12
0.35 0.34
0.35 0.34
0.35 0.34
0.4 0.34
0.4 0.34
0.4 0.34
0.4 0.28
0.4 0.28
0.4 0.28
0.4 0.2
0.4 0.2
0.4 0.2
0.4 0.06
0.4 0.06
0.4 0.06
0.45 0.34
0.45 0.34
0.45 0.34
0.45 0.28
0.45 0.28
0.45 0.28
0.45 0.2
0.45 0.2
0.45 0.2
0.45 0.12
0.45 0.12
0.45 0.12
0.45 0.06
0.45 0.06
0.45 0.06
0.5 0.34
0.5 0.34
0.5 0.34
0.5 0.28
0.5 0.28
0.5 0.28
0.5 0.2
0.5 0.2
0.5 0.2
0.5 0.12
0.5 0.12
0.5 0.12
0.5 0.06
0.5 0.06
0.5 0.06
0.55 0.34
0.55 0.34
0.55 0.34
0.55 0.28
0.55 0.28
0.55 0.28
0.55 0.2
0.55 0.2
0.55 0.2
0.55 0.12
0.55 0.12
0.55 0.12
0.55 0.06
0.55 0.06
0.55 0.06
0.6 0.34
0.6 0.34
0.6 0.34
0.6 0.28
0.6 0.28
0.6 0.28
0.6 0.2
0.6 0.2
0.6 0.2
0.6 0.12
0.6 0.12
0.6 0.12
0.6 0.06
0.6 0.06
0.6 0.06
0.7 0.34
0.7 0.34
0.7 0.34
0.7 0.2
0.7 0.2
0.7 0.2
0.7 0.28
0.7 0.28
0.7 0.28
0.7 0.12
0.7 0.12
0.7 0.12
0.7 0.06
0.7 0.06
0.7 0.06
0.8 0.34
0.8 0.34
0.8 0.34
0.8 0.28
0.8 0.28
0.8 0.28
0.8 0.2
0.8 0.2
0.8 0.2
0.8 0.12
0.8 0.12
0.8 0.12
0.8 0.06
0.8 0.06
0.8 0.06
0.9 0.34
0.9 0.34
0.9 0.34
0.9 0.28
0.9 0.28
0.9 0.28
0.9 0.2
0.9 0.2
0.9 0.2
0.9 0.12
0.9 0.12
0.9 0.12
0.9 0.06
0.9 0.06
0.9 0.06
1 0.34
1 0.34
1 0.34
1 0.28
1 0.28
1 0.28
1 0.2
1 0.2
1 0.2
1 0.12
1 0.12
1 0.12
1 0.06
1 0.06
1 0.06
1.1 0.34
1.1 0.34
1.1 0.34
1.1 0.28
1.1 0.28
1.1 0.28
1.1 0.2
1.1 0.2
1.1 0.2
1.1 0.12
1.1 0.12
1.1 0.12
1.1 0.06
1.1 0.06
1.1 0.06
1.3 0.34
1.3 0.34
1.3 0.34
1.3 0.28
1.3 0.28
1.3 0.28
1.3 0.2
1.3 0.2
1.3 0.2
1.3 0.12
1.3 0.12
1.3 0.12
1.3 0.06
1.3 0.06
1.3 0.06
1.6 0.34
1.6 0.34
1.6 0.34
1.6 0.28
1.6 0.28
1.6 0.28
1.6 0.2
1.6 0.2
1.6 0.2
1.6 0.12
1.6 0.12
1.6 0.12
1.6 0.06
1.6 0.06
1.6 0.06
1.9 0.34
1.9 0.34
1.9 0.34
1.9 0.28
1.9 0.28
1.9 0.28
1.9 0.12
1.9 0.12
1.9 0.12
1.9 0.06
1.9 0.06
1.9 0.06
0.2 0.3
0.2 0.3
0.2 0.3
0.107612 0.161732
0.107612 0.161732
0.107612 0.161732
0.1 0.2
0.1 0.2
0.1 0.2
0.107612 0.238268
0.107612 0.238268
0.107612 0.238268
0.129289 0.270711
0.129289 0.270711
0.129289 0.270711
0.161732 0.292388
0.161732 0.292388
0.161732 0.292388
0.177039 0.255433
0.177039 0.255433
0.177039 0.255433
0.2 0.26
0.2 0.26
0.2 0.26
0.186344 0.268655
0.186344 0.268655
0.186344 0.268655
0.157574 0.242426
0.157574 0.242426
0.157574 0.242426
0.16111 0.258203
0.16111 0.258203
0.16111 0.258203
0.141797 0.23889
0.141797 0.23889
0.141797 0.23889
0.144567 0.222961
0.144567 0.222961
0.144567 0.222961
0.14 0.2
0.14 0.2
0.14 0.2
0.131345 0.213656
0.131345 0.213656
0.131345 0.213656
0.131345 0.186344
0.131345 0.186344
0.131345 0.186344
0.144567 0.177039
0.144567 0.177039
0.144567 0.177039
0.157574 0.157574
0.157574 0.157574
0.157574 0.157574
0.141797 0.16111
0.141797 0.16111
0.141797 0.16111
0.177039 0.144567
0.177039 0.144567
0.177039 0.144567
0.16111 0.141797
0.16111 0.141797
0.16111 0.141797
0.186344 0.131345
0.186344 0.131345
0.186344 0.131345
0.2 0.14
0.2 0.14
0.2 0.14
0.213656 0.131345
0.213656 0.131345
0.213656 0.131345
0.222961 0.144567
0.222961 0.144567
0.222961 0.144567
0.23889 0.141797
0.23889 0.141797
0.23889 0.141797
0.242426 0.157574
0.242426 0.157574
0.242426 0.157574
0.258203 0.16111
0.258203 0.16111
0.258203 0.16111
0.255433 0.177039
0.255433 0.177039
0.255433 0.177039
0.268655 0.186344
0.268655 0.186344
0.268655 0.186344
0.26 0.2
0.26 0.2
0.26 0.2
0.268655 0.213656
0.268655 0.213656
0.268655 0.213656
0.255433 0.222961
0.255433 0.222961
0.255433 0.222961
0.258203 0.23889
0.258203 0.23889
0.258203 0.23889
0.242426 0.242426
0.242426 0.242426
0.242426 0.242426
0.23889 0.258203
0.23889 0.258203
0.23889 0.258203
0.222961 0.255433
0.222961 0.255433
0.222961 0.255433
0.213656 0.268655
0.213656 0.268655
0.213656 0.268655
0.139896 0.139896
0.139896 0.139896
0.139896 0.139896
0.144443 0.116853
0.144443 0.116853
0.144443 0.116853
0.167472 0.12147
0.167472 0.12147
0.167472 0.12147
0.2 0.115
0.2 0.115
0.2 0.115
0.180491 0.101921
0.180491 0.101921
0.180491 0.101921
0.219509 0.101921
0.219509 0.101921
0.219509 0.101921
0.232528 0.12147
0.232528 0.12147
0.232528 0.12147
0.255557 0.116853
0.255557 0.116853
0.255557 0.116853
0.260104 0.139896
0.260104 0.139896
0.260104 0.139896
0.283147 0.144443
0.283147 0.144443
0.283147 0.144443
0.27853 0.167472
0.27853 0.167472
0.27853 0.167472
0.298079 0.180491
0.298079 0.180491
0.298079 0.180491
0.285 0.2
0.285 0.2
0.285 0.2
0.298079 0.219509
0.298079 0.219509
0.298079 0.219509
0.27853 0.232528
0.27853 0.232528
0.27853 0.232528
0.283147 0.255557
0.283147 0.255557
0.283147 0.255557
0.260104 0.260104
0.260104 0.260104
0.260104 0.260104
0.255557 0.283147
0.255557 0.283147
0.255557 0.283147
0.232528 0.27853
0.232528 0.27853
0.232528 0.27853
0.171266 0.344454
0.171266 0.344454
0.171266 0.344454
0.118173 0.322462
0.118173 0.322462
0.118173 0.322462
0.071967 0.293033
0.071967 0.293033
0.071967 0.293033
0.05 0.24
0.05 0.24
0.05 0.24
0.05 0.16
0.05 0.16
0.05 0.16
0.111612 0.111612
0.111612 0.111612
0.111612 0.111612
0.071967 0.106967
0.071967 0.106967
0.071967 0.106967
0.152165 0.0845151
0.152165 0.0845151
0.152165 0.0845151
0.118173 0.0775379
0.118173 0.0775379
0.118173 0.0775379
0.2 0.075
0.2 0.075
0.2 0.075
0.171266 0.0555461
0.171266 0.0555461
0.171266 0.0555461
0.228734 0.0555461
0.228734 0.0555461
0.228734 0.0555461
0.247835 0.0845151
0.247835 0.0845151
0.247835 0.0845151
0.281827 0.0775379
0.281827 0.0775379
0.281827 0.0775379
0.288388 0.111612
0.288388 0.111612
0.288388 0.111612
0.322462 0.118173
0.322462 0.118173
0.322462 0.118173
0.315485 0.152165
0.315485 0.152165
0.315485 0.152165
0.344454 0.171266
0.344454 0.171266
0.344454 0.171266
0.325 0.2
0.325 0.2
0.325 0.2
0.344454 0.228734
0.344454 0.228734
0.344454 0.228734
0.315485 0.247835
0.315485 0.247835
0.315485 0.247835
0.322462 0.281827
0.322462 0.281827
0.322462 0.281827
0.288388 0.288388
0.288388 0.288388
0.288388 0.288388
0.281827 0.322462
0.281827 0.322462
0.281827 0.322462
0.247835 0.315485
0.247835 0.315485
0.247835 0.315485
0.228734 0.344454
0.228734 0.344454
0.228734 0.344454
0.303034 0.046967
0.303034 0.046967
0.303034 0.046967
0.253701 0.030709
0.253701 0.030709
0.253701 0.030709
0.2 0.025
0.2 0.025
0.2 0.025
0.146299 0.030709
0.146299 0.030709
0.146299 0.030709
0.0969665 0.046967
0.0969665 0.046967
0.0969665 0.046967
0.071967 0.076967
0.071967 0.076967
0.071967 0.076967
0.0499995 0.03
0.0499995 0.03
0.0499995 0.03
0.071967 0.323033
0.071967 0.323033
0.071967 0.323033
0.0969675 0.358033
0.0969675 0.358033
0.0969675 0.358033
0.0499995 0.375
0.0499995 0.375
0.0499995 0.375
0.146299 0.374291
0.146299 0.374291
0.146299 0.374291
0.2 0.38
0.2 0.38
0.2 0.38
0.253701 0.374291
0.253701 0.374291
0.253701 0.374291
0.303034 0.358033
0.303034 0.358033
0.303034 0.358033
0.025 0.34
0.025 0.34
0.025 0.34
0.025 0.28
0.025 0.28
0.025 0.28
0.025 0.2
0.025 0.2
0.025 0.2
0.025 0.12
0.025 0.12
0.025 0.12
0.025 0.06
0.025 0.06
0.025 0.06
0.35 0.03
0.35 0.03
0.35 0.03
0.328033 0.076967
0.328033 0.076967
0.328033 0.076967
0.369291 0.131299
0.369291 0.131299
0.369291 0.131299
0.375 0.09
0.375 0.09
0.375 0.09
0.369291 0.268701
0.369291 0.268701
0.369291 0.268701
0.328033 0.323033
0.328033 0.323033
0.328033 0.323033
0.35 0.375
0.35 0.375
0.35 0.375
0.375 0.34
0.375 0.34
0.375 0.34
0.4 0.375
0.4 0.375
0.4 0.375
0.4 0.31
0.4 0.31
0.4 0.31
0.375 0.2
0.375 0.2
0.375 0.2
0.4 0.24
0.4 0.24
0.4 0.24
0.375 0.06
0.375 0.06
0.375 0.06
0.4 0.03
0.4 0.03
0.4 0.03
0.425 0.34
0.425 0.34
0.425 0.34
0.449999 0.375
0.449999 0.375
0.449999 0.375
0.425 0.28
0.425 0.28
0.425 0.28
0.45 0.31
0.45 0.31
0.45 0.31
0.425 0.2
0.425 0.2
0.425 0.2
0.45 0.24
0.45 0.24
0.45 0.24
0.425 0.12
0.425 0.12
0.425 0.12
0.45 0.16
0.45 0.16
0.45 0.16
0.425 0.06
0.425 0.06
0.425 0.06
0.45 0.09
0.45 0.09
0.45 0.09
0.449999 0.03
0.449999 0.03
0.449999 0.03
0.475 0.34
0.475 0.34
0.475 0.34
0.500001 0.375
0.500001 0.375
0.500001 0.375
0.475 0.28
0.475 0.28
0.475 0.28
0.5 0.31
0.5 0.31
0.5 0.31
0.475 0.2
0.475 0.2
0.475 0.2
0.5 0.24
0.5 0.24
0.5 0.24
0.475 0.12
0.475 0.12
0.475 0.12
0.5 0.16
0.5 0.16
0.5 0.16
0.475 0.06
0.475 0.06
0.475 0.06
0.5 0.09
0.5 0.09
0.5 0.09
0.500001 0.03
0.500001 0.03
0.500001 0.03
0.525 0.34
0.525 0.34
0.525 0.34
0.55 0.375
0.55 0.375
0.55 0.375
0.525 0.28
0.525 0.28
0.525 0.28
0.55 0.31
0.55 0.31
0.55 0.31
0.525 0.2
0.525 0.2
0.525 0.2
0.55 0.24
0.55 0.24
0.55 0.24
0.525 0.12
0.525 0.12
0.525 0.12
0.55 0.16
0.55 0.16
0.55 0.16
0.525 0.06
0.525 0.06
0.525 0.06
0.55 0.09
0.55 0.09
0.55 0.09
0.55 0.03
0.55 0.03
0.55 0.03
0.575 0.34
0.575 0.34
0.575 0.34
0.6 0.375
0.6 0.375
0.6 0.375
0.575 0.28
0.575 0.28
0.575 0.28
0.6 0.31
0.6 0.31
0.6 0.31
0.575 0.2
0.575 0.2
0.575 0.2
0.6 0.24
0.6 0.24
0.6 0.24
0.575 0.12
0.575 0.12
0.575 0.12
0.6 0.16
0.6 0.16
0.6 0.16
0.575 0.06
0.575 0.06
0.575 0.06
0.6 0.09
0.6 0.09
0.6 0.09
0.6 0.03
0.6 0.03
0.6 0.03
0.65 0.34
0.65 0.34
0.65 0.34
0.7 0.375
0.7 0.375
0.7 0.375
0.65 0.28
0.65 0.28
0.65 0.28
0.65 0.2
0.65 0.2
0.65 0.2
0.65 0.12
0.65 0.12
0.65 0.12
0.65 0.06
0.65 0.06
0.65 0.06
0.7 0.09
0.7 0.09
0.7 0.09
0.7 0.03
0.7 0.03
0.7 0.03
0.75 0.34
0.75 0.34
0.75 0.34
0.799999 0.375
0.799999 0.375
0.799999 0.375
0.75 0.28
0.75 0.28
0.75 0.28
0.8 0.31
0.8 0.31
0.8 0.31
0.75 0.2
0.75 0.2
0.75 0.2
0.8 0.24
0.8 0.24
0.8 0.24
0.75 0.12
0.75 0.12
0.75 0.12
0.8 0.16
0.8 0.16
0.8 0.16
0.75 0.06
0.75 0.06
0.75 0.06
0.8 0.09
0.8 0.09
0.8 0.09
0.799999 0.03
0.799999 0.03
0.799999 0.03
0.85 0.34
0.85 0.34
0.85 0.34
0.9 0.375
0.9 0.375
0.9 0.375
0.85 0.28
0.85 0.28
0.85 0.28
0.9 0.31
0.9 0.31
0.9 0.31
0.85 0.2
0.85 0.2
0.85 0.2
0.9 0.24
0.9 0.24
0.9 0.24
0.85 0.12
0.85 0.12
0.85 0.12
0.9 0.16
0.9 0.16
0.9 0.16
0.85 0.06
0.85 0.06
0.85 0.06
0.9 0.09
0.9 0.09
0.9 0.09
0.9 0.03
0.9 0.03
0.9 0.03
0.95 0.34
0.95 0.34
0.95 0.34
0.999999 0.375
0.999999 0.375
0.999999 0.375
0.95 0.28
0.95 0.28
0.95 0.28
1 0.31
1 0.31
1 0.31
0.95 0.2
0.95 0.2
0.95 0.2
1 0.24
1 0.24
1 0.24
0.95 0.12
0.95 0.12
0.95 0.12
1 0.16
1 0.16
1 0.16
0.95 0.06
0.95 0.06
0.95 0.06
1 0.09
1 0.09
1 0.09
0.999999 0.03
0.999999 0.03
0.999999 0.03
1.05 0.34
1.05 0.34
1.05 0.34
1.1 0.375
1.1 0.375
1.1 0.375
1.05 0.28
1.05 0.28
1.05 0.28
1.1 0.31
1.1 0.31
1.1 0.31
1.05 0.2
1.05 0.2
1.05 0.2
1.1 0.24
1.1 0.24
1.1 0.24
1.05 0.12
1.05 0.12
1.05 0.12
1.1 0.16
1.1 0.16
1.1 0.16
1.05 0.06
1.05 0.06
1.05 0.06
1.1 0.09
1.1 0.09
1.1 0.09
1.1 0.03
1.1 0.03
1.1 0.03
1.2 0.34
1.2 0.34
1.2 0.34
1.3 0.375
1.3 0.375
1.3 0.375
1.2 0.28
1.2 0.28
1.2 0.28
1.3 0.31
1.3 0.31
1.3 0.31
1.2 0.2
1.2 0.2
1.2 0.2
1.3 0.24
1.3 0.24
1.3 0.24
1.2 0.12
1.2 0.12
1.2 0.12
1.3 0.16
1.3 0.16
1.3 0.16
1.2 0.06
1.2 0.06
1.2 0.06
1.3 0.09
1.3 0.09
1.3 0.09
1.3 0.03
1.3 0.03
1.3 0.03
1.45 0.34
1.45 0.34
1.45 0.34
1.6 0.375
1.6 0.375
1.6 0.375
1.45 0.28
1.45 0.28
1.45 0.28
1.6 0.31
1.6 0.31
1.6 0.31
1.45 0.2
1.45 0.2
1.45 0.2
1.6 0.24
1.6 0.24
1.6 0.24
1.45 0.12
1.45 0.12
1.45 0.12
1.6 0.16
1.6 0.16
1.6 0.16
1.45 0.06
1.45 0.06
1.45 0.06
1.6 0.09
1.6 0.09
1.6 0.09
1.6 0.03
1.6 0.03
1.6 0.03
1.75 0.34
1.75 0.34
1.75 0.34
1.9 0.375
1.9 0.375
1.9 0.375
1.75 0.28
1.75 0.28
1.75 0.28
1.9 0.31
1.9 0.31
1.9 0.31
1.75 0.2
1.75 0.2
1.75 0.2
1.9 0.24
1.9 0.24
1.9 0.24
1.75 0.12
1.75 0.12
1.75 0.12
1.9 0.16
1.9 0.16
1.9 0.16
1.75 0.06
1.75 0.06
1.75 0.06
1.9 0.09
1.9 0.09
1.9 0.09
1.9 0.03
1.9 0.03
1.9 0.03
2.05 0.34
2.05 0.34
2.05 0.34
2.05 0.28
2.05 0.28
2.05 0.28
2.05 0.2
2.05 0.2
2.05 0.2
2.05 0.12
2.05 0.12
2.05 0.12
2.05 0.06
2.05 0.06
2.05 0.06
0.7 0.24
0.7 0.24
0.7 0.24
0.7 0.16
0.7 0.16
0.7 0.16
0.7 0.31
0.7 0.31
0.7 0.31
0.101921 0.180491
0.101921 0.180491
0.101921 0.180491
0.101921 0.219509
0.101921 0.219509
0.101921 0.219509
0.116853 0.255557
0.116853 0.255557
0.116853 0.255557
0.144443 0.283147
0.144443 0.283147
0.144443 0.283147
0.180491 0.298079
0.180491 0.298079
0.180491 0.298079
0.219509 0.298079
0.219509 0.298079
0.219509 0.298079
0.2 0.285
0.2 0.285
0.2 0.285
0.2 0.325
0.2 0.325
0.2 0.325
0.167472 0.27853
0.167472 0.27853
0.167472 0.27853
0.152165 0.315485
0.152165 0.315485
0.152165 0.315485
0.139896 0.260104
0.139896 0.260104
0.139896 0.260104
0.111612 0.288388
0.111612 0.288388
0.111612 0.288388
0.12147 0.232528
0.12147 0.232528
0.12147 0.232528
0.0787655 0.259154
0.0787655 0.259154
0.0787655 0.259154
0.115 0.2
0.115 0.2
0.115 0.2
0.075 0.2
0.075 0.2
0.075 0.2
0.12147 0.167472
0.12147 0.167472
0.12147 0.167472
0.116853 0.144443
0.116853 0.144443
0.116853 0.144443
0.0787655 0.140846
0.0787655 0.140846
0.0787655 0.140846
0.4 0.16
0.4 0.16
0.4 0.16
0.4 0.09
0.4 0.09
0.4 0.09
0.375 0.31
0.375 0.31
0.375 0.31
0.05 0.09
0.05 0.09
0.05 0.09
0.05 0.31
0.05 0.31
0.05 0.31
0.188295 0.258847
0.188295 0.258847
0.188295 0.258847
0.166666 0.249888
0.166666 0.249888
0.166666 0.249888
0.150112 0.233334
0.150112 0.233334
0.150112 0.233334
0.141153 0.211705
0.141153 0.211705
0.141153 0.211705
0.141153 0.188295
0.141153 0.188295
0.141153 0.188295
0.150112 0.166666
0.150112 0.166666
0.150112 0.166666
0.166666 0.150112
0.166666 0.150112
0.166666 0.150112
0.188295 0.141153
0.188295 0.141153
0.188295 0.141153
0.211705 0.141153
0.211705 0.141153
0.211705 0.141153
0.211705 0.258847
0.211705 0.258847
0.211705 0.258847
0.152777 0.129325
0.152777 0.129325
0.152777 0.129325
0.183417 0.116633
0.183417 0.116633
0.183417 0.116633
0.216583 0.116633
0.216583 0.116633
0.216583 0.116633
0.131157 0.0969689
0.131157 0.0969689
0.131157 0.0969689
0.175825 0.0784665
0.175825 0.0784665
0.175825 0.0784665
0.224175 0.0784665
0.224175 0.0784665
0.224175 0.0784665
0.278367 0.038838
0.278367 0.038838
0.278367 0.038838
0.22685 0.0278545
0.22685 0.0278545
0.22685 0.0278545
0.173149 0.0278545
0.173149 0.0278545
0.173149 0.0278545
0.121633 0.038838
0.121633 0.038838
0.121633 0.038838
0.073483 0.0384835
0.073483 0.0384835
0.073483 0.0384835
0.0734835 0.366517
0.0734835 0.366517
0.0734835 0.366517
0.121633 0.366162
0.121633 0.366162
0.121633 0.366162
0.173149 0.377145
0.173149 0.377145
0.173149 0.377145
0.22685 0.377145
0.22685 0.377145
0.22685 0.377145
0.278367 0.366162
0.278367 0.366162
0.278367 0.366162
0.0249998 0.375
0.0249998 0.375
0.0249998 0.375
0.025 0.31
0.025 0.31
0.025 0.31
0.025 0.24
0.025 0.24
0.025 0.24
0.025 0.16
0.025 0.16
0.025 0.16
0.025 0.09
0.025 0.09
0.025 0.09
0.0249998 0.03
0.0249998 0.03
0.0249998 0.03
0.326517 0.0384835
0.326517 0.0384835
0.326517 0.0384835
0.326517 0.366517
0.326517 0.366517
0.326517 0.366517
0.375 0.375
0.375 0.375
0.375 0.375
0.375 0.03
0.375 0.03
0.375 0.03
0.425 0.375
0.425 0.375
0.425 0.375
0.425 0.31
0.425 0.31
0.425 0.31
0.425 0.24
0.425 0.24
0.425 0.24
0.425 0.16
0.425 0.16
0.425 0.16
0.425 0.09
0.425 0.09
0.425 0.09
0.425 0.03
0.425 0.03
0.425 0.03
0.475 0.375
0.475 0.375
0.475 0.375
0.475 0.31
0.475 0.31
0.475 0.31
0.475 0.24
0.475 0.24
0.475 0.24
0.475 0.16
0.475 0.16
0.475 0.16
0.475 0.09
0.475 0.09
0.475 0.09
0.475 0.03
0.475 0.03
0.475 0.03
0.525 0.375
0.525 0.375
0.525 0.375
0.525 0.31
0.525 0.31
0.525 0.31
0.525 0.24
0.525 0.24
0.525 0.24
0.525 0.16
0.525 0.16
0.525 0.16
0.525 0.09
0.525 0.09
0.525 0.09
0.525 0.03
0.525 0.03
0.525 0.03
0.575 0.375
0.575 0.375
0.575 0.375
0.575 0.31
0.575 0.31
0.575 0.31
0.575 0.24
0.575 0.24
0.575 0.24
0.575 0.16
0.575 0.16
0.575 0.16
0.575 0.09
0.575 0.09
0.575 0.09
0.575 0.03
0.575 0.03
0.575 0.03
0.65 0.375
0.65 0.375
0.65 0.375
0.65 0.31
0.65 0.31
0.65 0.31
0.65 0.24
0.65 0.24
0.65 0.24
0.65 0.16
0.65 0.16
0.65 0.16
0.65 0.09
0.65 0.09
0.65 0.09
0.65 0.03
0.65 0.03
0.65 0.03
0.75 0.375
0.75 0.375
0.75 0.375
0.75 0.31
0.75 0.31
0.75 0.31
0.75 0.24
0.75 0.24
0.75 0.24
0.75 0.16
0.75 0.16
0.75 0.16
0.75 0.09
0.75 0.09
0.75 0.09
0.75 0.03
0.75 0.03
0.75 0.03
0.85 0.375
0.85 0.375
0.85 0.375
0.85 0.31
0.85 0.31
0.85 0.31
0.85 0.24
0.85 0.24
0.85 0.24
0.85 0.16
0.85 0.16
0.85 0.16
0.85 0.09
0.85 0.09
0.85 0.09
0.85 0.03
0.85 0.03
0.85 0.03
0.95 0.375
0.95 0.375
0.95 0.375
0.95 0.31
0.95 0.31
0.95 0.31
0.95 0.24
0.95 0.24
0.95 0.24
0.95 0.16
0.95 0.16
0.95 0.16
0.95 0.09
0.95 0.09
0.95 0.09
0.95 0.03
0.95 0.03
0.95 0.03
1.05 0.375
1.05 0.375
1.05 0.375
1.05 0.31
1.05 0.31
1.05 0.31
1.05 0.24
1.05 0.24
1.05 0.24
1.05 0.16
1.05 0.16
1.05 0.16
1.05 0.09
1.05 0.09
1.05 0.09
1.05 0.03
1.05 0.03
1.05 0.03
1.2 0.375
1.2 0.375
1.2 0.375
1.2 0.31
1.2 0.31
1.2 0.31
1.2 0.24
1.2 0.24
1.2 0.24
1.2 0.16
1.2 0.16
1.2 0.16
1.2 0.09
1.2 0.09
1.2 0.09
1.2 0.03
1.2 0.03
1.2 0.03
1.45 0.375
1.45 0.375
1.45 0.375
1.45 0.31
1.45 0.31
1.45 0.31
1.45 0.24
1.45 0.24
1.45 0.24
1.45 0.16
1.45 0.16
1.45 0.16
1.45 0.09
1.45 0.09
1.45 0.09
1.45 0.03
1.45 0.03
1.45 0.03
1.75 0.375
1.75 0.375
1.75 0.375
1.75 0.31
1.75 0.31
1.75 0.31
1.75 0.24
1.75 0.24
1.75 0.24
1.75 0.16
1.75 0.16
1.75 0.16
1.75 0.09
1.75 0.09
1.75 0.09
1.75 0.03
1.75 0.03
1.75 0.03
2.05 0.375
2.05 0.375
2.05 0.375
2.05 0.31
2.05 0.31
2.05 0.31
2.05 0.24
2.05 0.24
2.05 0.24
2.05 0.16
2.05 0.16
2.05 0.16
2.05 0.09
2.05 0.09
2.05 0.09
2.05 0.03
2.05 0.03
2.05 0.03
0.216583 0.283367
0.216583 0.283367
0.216583 0.283367
0.224175 0.321533
0.224175 0.321533
0.224175 0.321533
0.183417 0.283367
0.183417 0.283367
0.183417 0.283367
0.175825 0.321533
0.175825 0.321533
0.175825 0.321533
0.152777 0.270675
0.152777 0.270675
0.152777 0.270675
0.131157 0.303031
0.131157 0.303031
0.131157 0.303031
0.129325 0.247223
0.129325 0.247223
0.129325 0.247223
0.094547 0.274227
0.094547 0.274227
0.094547 0.274227
0.116633 0.216583
0.116633 0.216583
0.116633 0.216583
0.0753548 0.229939
0.0753548 0.229939
0.0753548 0.229939
0.129325 0.152777
0.129325 0.152777
0.129325 0.152777
0.094547 0.125773
0.094547 0.125773
0.094547 0.125773
0.116633 0.183417
0.116633 0.183417
0.116633 0.183417
0.0753548 0.170061
0.0753548 0.170061
0.0753548 0.170061
0.258847 0.188295
0.258847 0.188295
0.258847 0.188295
0.258847 0.211705
0.258847 0.211705
0.258847 0.211705
0.249888 0.233334
0.249888 0.233334
0.249888 0.233334
0.233334 0.249888
0.233334 0.249888
0.233334 0.249888
0.233334 0.150112
0.233334 0.150112
0.233334 0.150112
0.249888 0.166666
0.249888 0.166666
0.249888 0.166666
0.270675 0.152777
0.270675 0.152777
0.270675 0.152777
0.247223 0.129325
0.247223 0.129325
0.247223 0.129325
0.283367 0.183417
0.283367 0.183417
0.283367 0.183417
0.283367 0.216583
0.283367 0.216583
0.283367 0.216583
0.270675 0.247223
0.270675 0.247223
0.270675 0.247223
0.247223 0.270675
0.247223 0.270675
0.247223 0.270675
0.303031 0.131157
0.303031 0.131157
0.303031 0.131157
0.268843 0.0969689
0.268843 0.0969689
0.268843 0.0969689
0.321533 0.175825
0.321533 0.175825
0.321533 0.175825
0.321533 0.224175
0.321533 0.224175
0.321533 0.224175
0.303031 0.268843
0.303031 0.268843
0.303031 0.268843
0.268843 0.303031
0.268843 0.303031
0.268843 0.303031
0.348662 0.104133
0.348662 0.104133
0.348662 0.104133
0.348662 0.295867
0.348662 0.295867
0.348662 0.295867
0.372145 0.234351
0.372145 0.234351
0.372145 0.234351
0.372145 0.165649
0.372145 0.165649
0.372145 0.165649
0 0.34
0 0.34
0 0.34
0 0.28
0 0.28
0 0.28
0 0.2
0 0.2
0 0.2
0 0.12
0 0.12
0 0.12
0 0.06
0 0.06
0 0.06
0 0.375
0 0.375
0 0.375
0 0.31
0 0.31
0 0.31
0 0.24
0 0.24
0 0.24
0 0.16
0 0.16
0 0.16
0 0.09
0 0.09
0 0.09
0 0.03
0 0.03
0 0.03
2.2 0.34
2.2 0.34
2.2 0.34
2.2 0.28
2.2 0.28
2.2 0.28
2.2 0.2
2.2 0.2
2.2 0.2
2.2 0.12
2.2 0.12
2.2 0.12
2.2 0.06
2.2 0.06
2.2 0.06
2.2 0.375
2.2 0.375
2.2 0.375
2.2 0.31
2.2 0.31
2.2 0.31
2.2 0.24
2.2 0.24
2.2 0.24
2.2 0.16
2.2 0.16
2.2 0.16
2.2 0.09
2.2 0.09
2.2 0.09
2.2 0.03
2.2 0.03
2.2 0.03
0.100001 0.41
0.100001 0.41
0.100001 0.41
0.049999 0.41
0.049999 0.41
0.049999 0.41
0.15 0.41
0.15 0.41
0.15 0.41
0.2 0.41
0.2 0.41
0.2 0.41
0.249999 0.41
0.249999 0.41
0.249999 0.41
0.300001 0.41
0.300001 0.41
0.300001 0.41
0 0.41
0 0.41
0 0.41
0.35 0.41
0.35 0.41
0.35 0.41
0.4 0.41
0.4 0.41
0.4 0.41
0.449999 0.41
0.449999 0.41
0.449999 0.41
0.500001 0.41
0.500001 0.41
0.500001 0.41
0.55 0.41
0.55 0.41
0.55 0.41
0.599999 0.41
0.599999 0.41
0.599999 0.41
0.7 0.41
0.7 0.41
0.7 0.41
0.799999 0.41
0.799999 0.41
0.799999 0.41
0.9 0.41
0.9 0.41
0.9 0.41
0.999999 0.41
0.999999 0.41
0.999999 0.41
1.1 0.41
1.1 0.41
1.1 0.41
1.3 0.41
1.3 0.41
1.3 0.41
1.6 0.41
1.6 0.41
1.6 0.41
1.9 0.41
1.9 0.41
1.9 0.41
2.2 0.41
2.2 0.41
2.2 0.41
0.075 0.41
0.075 0.41
0.075 0.41
0.125001 0.41
0.125001 0.41
0.125001 0.41
0.175 0.41
0.175 0.41
0.175 0.41
0.225 0.41
0.225 0.41
0.225 0.41
0.275 0.41
0.275 0.41
0.275 0.41
0.0249995 0.41
0.0249995 0.41
0.0249995 0.41
0.325001 0.41
0.325001 0.41
0.325001 0.41
0.375 0.41
0.375 0.41
0.375 0.41
0.424999 0.41
0.424999 0.41
0.424999 0.41
0.475 0.41
0.475 0.41
0.475 0.41
0.525 0.41
0.525 0.41
0.525 0.41
0.574999 0.41
0.574999 0.41
0.574999 0.41
0.649999 0.41
0.649999 0.41
0.649999 0.41
0.749999 0.41
0.749999 0.41
0.749999 0.41
0.85 0.41
0.85 0.41
0.85 0.41
0.949999 0.41
0.949999 0.41
0.949999 0.41
1.05 0.41
1.05 0.41
1.05 0.41
1.2 0.41
1.2 0.41
1.2 0.41
1.45 0.41
1.45 0.41
1.45 0.41
1.75 0.41
1.75 0.41
1.75 0.41
2.05 0.41
2.05 0.41
2.05 0.41
0 0
0 0
0 0
0.049999 0
0.049999 0
0.049999 0
0.099999 0
0.099999 0
0.099999 0
0.15 0
0.15 0
0.15 0
0.2 0
0.2 0
0.2 0
0.249999 0
0.249999 0
0.249999 0
0.300001 0
0.300001 0
0.300001 0
0.35 0
0.35 0
0.35 0
0.4 0
0.4 0
0.4 0
0.449999 0
0.449999 0
0.449999 0
0.500001 0
0.500001 0
0.500001 0
0.55 0
0.55 0
0.55 0
0.599999 0
0.599999 0
0.599999 0
0.7 0
0.7 0
0.7 0
0.799999 0
0.799999 0
0.799999 0
0.9 0
0.9 0
0.9 0
0.999999 0
0.999999 0
0.999999 0
1.1 0
1.1 0
1.1 0
1.3 0
1.3 0
1.3 0
1.6 0
1.6 0
1.6 0
1.9 0
1.9 0
1.9 0
2.2 0
2.2 0
2.2 0
0.0249995 0
0.0249995 0
0.0249995 0
0.074999 0
0.074999 0
0.074999 0
0.124999 0
0.124999 0
0.124999 0
0.175 0
0.175 0
0.175 0
0.225 0
0.225 0
0.225 0
0.275 0
0.275 0
0.275 0
0.325001 0
0.325001 0
0.325001 0
0.375 0
0.375 0
0.375 0
0.424999 0
0.424999 0
0.424999 0
0.475 0
0.475 0
0.475 0
0.525 0
0.525 0
0.525 0
0.574999 0
0.574999 0
0.574999 0
0.649999 0
0.649999 0
0.649999 0
0.749999 0
0.749999 0
0.749999 0
0.85 0
0.85 0
0.85 0
0.949999 0
0.949999 0
0.949999 0
1.05 0
1.05 0
1.05 0
1.45 0
1.45 0
1.45 0
1.75 0
1.75 0
1.75 0
2.05 0
2.05 0
2.05 0
1.2 0
1.2 0
1.2 0
0.180866 0.246194
0.180866 0.246194
0.180866 0.246194
0.2 0.25
0.2 0.25
0.2 0.25
0.164645 0.235355
0.164645 0.235355
0.164645 0.235355
0.153806 0.219134
0.153806 0.219134
0.153806 0.219134
0.15 0.2
0.15 0.2
0.15 0.2
0.153806 0.180866
0.153806 0.180866
0.153806 0.180866
0.164645 0.164645
0.164645 0.164645
0.164645 0.164645
0.180866 0.153806
0.180866 0.153806
0.180866 0.153806
0.2 0.15
0.2 0.15
0.2 0.15
0.219134 0.153806
0.219134 0.153806
0.219134 0.153806
0.235355 0.164645
0.235355 0.164645
0.235355 0.164645
0.246194 0.180866
0.246194 0.180866
0.246194 0.180866
0.25 0.2
0.25 0.2
0.25 0.2
0.246194 0.219134
0.246194 0.219134
0.246194 0.219134
0.235355 0.235355
0.235355 0.235355
0.235355 0.235355
0.219134 0.246194
0.219134 0.246194
0.219134 0.246194
0.190246 0.249039
0.190246 0.249039
0.190246 0.249039
0.158427 0.227778
0.158427 0.227778
0.158427 0.227778
0.150961 0.209754
0.150961 0.209754
0.150961 0.209754
0.150961 0.190246
0.150961 0.190246
0.150961 0.190246
0.158427 0.172222
0.158427 0.172222
0.158427 0.172222
0.172222 0.158427
0.172222 0.158427
0.172222 0.158427
0.190246 0.150961
0.190246 0.150961
0.190246 0.150961
0.209754 0.150961
0.209754 0.150961
0.209754 0.150961
0.227778 0.158427
0.227778 0.158427
0.227778 0.158427
0.241573 0.172222
0.241573 0.172222
0.241573 0.172222
0.249039 0.190246
0.249039 0.190246
0.249039 0.190246
0.249039 0.209754
0.249039 0.209754
0.249039 0.209754
0.241573 0.227778
0.241573 0.227778
0.241573 0.227778
0.227778 0.241573
0.227778 0.241573
0.227778 0.241573
0.172222 0.241573
0.172222 0.241573
0.172222 0.241573
0.209754 0.249039
0.209754 0.249039
0.209754 0.249039
1.9 0.2
1.9 0.2
1.9 0.2
1
0 0 7.826369259425611e-06
1 1 0.1315377881431662
2 2 0.7556053221950332
3 3 0.4586501319234493
4 4 0.5327672374121692
5 5 0.2189591863280904
6 6 0.04704461621448613
7 7 0.678864716868319
8 8 0.6792964058366122
9 9 0.9346928959408276
10 10 0.3835020774898595
11 11 0.5194163720679545
12 12 0.8309653461123655
13 13 0.03457211052746145
14 14 0.05346163504452521
15 15 0.5297001933351626
16 16 0.6711493840772423
17 17 0.007698186211147432
18 18 0.3834156507548949
19 19 0.06684223751856118
20 20 0.4174859744578069
21 21 0.6867727123604961
22 22 0.5889766428568292
23 23 0.9304364947278223
24 24 0.846166890508573
25 25 0.5269287775861698
26 26 0.09196489075755929
27 27 0.6539189622988547
28 28 0.4159993568509814
29 29 0.7011905944446059
30 30 0.9103208304896582
31 31 0.7621980396854682
32 32 0.2624529936641701
33 33 0.04746451370765666
34 34 0.7360818845853591
35 35 0.3282342261300581
36 36 0.6326385678875439
37 37 0.7564104859514211
38 38 0.9910373855340469
39 39 0.3653386707256263
40 40 0.2470388856004173
41 41 0.9825502862141237
42 42 0.7226604007755687
43 43 0.7533558349839206
44 44 0.651518574753552
45 45 0.07268588294865838
46 46 0.6316347181013016
47 47 0.884707128575401
48 48 0.2727099667641846
49 49 0.4364114056510904
50 50 0.7664947778761828
51 51 0.4777317650046813
52 52 0.2377744336788424
53 53 0.2749068403034037
54 54 0.3592649793062662
55 55 0.1665072004154824
56 56 0.4865173830122302
57 57 0.8976562865533196
58 58 0.9092081016438119
59 59 0.06056432754758947
60 60 0.9046530923362137
61 61 0.5045228947440734
62 62 0.516291963642599
63 63 0.3190329411621359
64 64 0.9866421120179082
65 65 0.4939766849828776
66 66 0.2661445072228762
67 67 0.09073289488010709
68 68 0.9477642499598508
69 69 0.07374907521239904
70 70 0.5007070947907433
71 71 0.3841421480216748
72 72 0.2770818002880932
73 73 0.9138174419821321
74 74 0.5297473936945887
75 75 0.4644458249511411
76 76 0.9409799538277928
77 77 0.05008398371286876
78 78 0.7615142621852058
79 79 0.7702045467543437
80 80 0.8278173002543939
81 81 0.1253653755995284
82 82 0.01586770127334991
83 83 0.6884553011918698
84 84 0.8682471317556906
85 85 0.6295434178922061
86 86 0.7362245143094214
87 87 0.7254119984458256
88 88 0.999457878991709
89 89 0.8885722136537415
90 90 0.2331948784334561
91 91 0.3063218310970449
92 92 0.3510152480336908
93 93 0.5132737022420735
94 94 0.5911135825287148
95 95 0.8459815601101059
96 96 0.4120807705503333
97 97 0.8415106394521475
98 98 0.2693172722446347
99 99 0.4153946155753893
100 100 0.5373039755678288
101 101 0.4679173684995236
102 102 0.2872123714942543
103 103 0.1783277039315215
104 104 0.1537199770816229
105 105 0.5716548108363779
106 106 0.80240572700389
107 107 0.03305375437860086
108 108 0.5344498411447042
109 109 0.4984801190432534
110 110 0.9553607599601898
111 111 0.7482926509102307
112 112 0.5545838482466451
113 113 0.8907374813643925
114 114 0.6248492913436374
115 115 0.8420396125139853
116 116 0.1597675225510111
117 117 0.2127515148430837
118 118 0.7147099677076144
119 119 0.13042726187521
120 120 0.09099033665423763
121 121 0.2745881477718186
122 122 0.002999600955750607
123 123 0.4142932633004586
124 124 0.02687629080697721
125 125 0.7098195928660312
126 126 0.9378972993874444
127 127 0.2399108047782959
128 128 0.1808959088199287
129 129 0.3175395365420448
130 130 0.8869906621458896
131 131 0.652058685967726
132 132 0.1503350595712359
133 133 0.6813462137623439
134 134 0.3858147037149475
135 135 0.3877253371233704
136 136 0.4997410324866609
137 137 0.1475330033095242
138 138 0.5871866231724557
139 139 0.8455756594639158
140 140 0.5901086100331082
141 141 0.9554088264496107
142 142 0.5561461386066611
143 143 0.148151562152501
144 144 0.9833050970841689
145 145 0.4087666936259562
146 146 0.1418197714452724
147 147 0.5648986806929571
148 148 0.2521264065299772
149 149 0.4885145493263912
150 150 0.4640305286571526
151 151 0.9610951407631371
152 152 0.1260308060450623
153 153 0.1997571993618073
154 154 0.3192496738951884
155 155 0.6292691564323702
156 156 0.1267121588470005
157 157 0.6512537415378046
158 158 0.6216340258818278
159 159 0.803072995880187
160 160 0.2478417583032706
161 161 0.4764318030683472
162 162 0.389314169711114
163 163 0.2032503346927698
164 164 0.02837518138269669
165 165 0.9016734989833429
166 166 0.4264974130440957
167 167 0.1420210321163857
168 168 0.9474867800937439
169 169 0.4103130355525357
170 170 0.1311885314673132
171 171 0.8856483711328583
172 172 0.0921736299489502
173 173 0.1621985520060167
174 174 0.07106356512339021
175 175 0.3653390288191564
176 176 0.2530573635609156
177 177 0.1351093683089639
178 178 0.7831531687561204
179 179 0.4553072841164224
180 180 0.3495241447116826
181 181 0.4523001692501363
182 182 0.8089445870411325
183 183 0.9316744003126745
184 184 0.6516460551189474
185 185 0.2152483841475325
186 186 0.679592367578108
187 187 0.9089218852617414
188 188 0.2501255940879349
189 189 0.8608598359212558
190 190 0.4712623285461507
191 191 0.5059558751554954
192 192 0.6003937384115503
193 193 0.8175614829256951
194 194 0.7558435321579891
195 195 0.4622449793211394
196 196 0.9513674503897165
197 197 0.6327386999655229
198 198 0.439330320544229
199 199 0.824697386857447
200 200 0.6889809131105341
201 201 0.7022066487475329
202 202 0.9871454997859641
203 203 0.9544149026993731
204 204 0.8512696683645573
205 205 0.2893162031142582
206 206 0.5374257413379037
207 207 0.5144346661467266
208 208 0.103433928034936
209 209 0.4140284831700979
210 210 0.5767166398357212
211 211 0.8765657189658683
212 212 0.4400386593491019
213 213 0.7297476803556773
214 214 0.8692637378672434
215 215 0.7156423347609315
216 216 0.8007203269753234
217 217 0.706535474260587
218 218 0.7417158976857159
219 219 0.01909240382681247
220 220 0.8860311172371875
221 221 0.5249874054104963
222 222 0.4633227342103248
223 223 0.06519387292917532
224 224 0.7134223206496901
225 225 0.4889431593422513
226 226 0.6676790652180459
227 227 0.6820491196969752
228 228 0.1995547470634592
229 229 0.9166338955595316
230 230 0.8658826690473979
231 231 0.8900186796160502
232 232 0.5439483069553731
233 233 0.1391949989549792
234 234 0.4503474363360309
235 235 0.9893624996716913
236 236 0.2155319821161833
237 237 0.4460234266920124
238 238 0.3157324126529192
239 239 0.5146594576140211
240 240 0.8815041188530177
241 241 0.439725562669209
242 242 0.4675317813956792
243 243 0.8066499171809526
244 244 0.3651580602699696
245 245 0.2115189573781187
246 246 0.9991166540417432
247 247 0.1536044795781395
248 248 0.630488269790303
249 249 0.6163503656239949
250 250 0.000595042482295559
251 251 0.0008789999414603226
252 252 0.7733520161236412
253 253 0.7273349900391581
254 254 0.3191775881308958
255 255 0.4177237159655074
256 256 0.6824942322832039
257 257 0.6805619838091368
258 258 0.2052618801618283
259 259 0.836419879848333
260 260 0.708920610933062
261 261 0.8287079519725907
262 262 0.09454880333251729
263 263 0.08173760961822123
264 264 0.7640048534441762
265 265 0.6295718362692613
266 266 0.2138521774736476
267 267 0.2135467995952567
268 268 0.08106079747949764
269 269 0.388823237916838
270 270 0.9521596682966499
271 271 0.9475450617948291
272 272 0.3898535856929857
273 273 0.269214742011025
274 274 0.6921689792965394
275 275 0.2840350369382813
276 276 0.7768658216934957
277 277 0.7838652025833098
278 278 0.422459817688195
279 279 0.2821558854925241
280 280 0.1939674728521926
281 281 0.01131622680058527
282 282 0.1918238374366536
283 283 0.9832357978370208
284 284 0.2440542468074962
285 285 0.8197260935882693
286 286 0.1364549380431208
287 287 0.398143690730512
288 288 0.6010101077151532
289 289 0.176880368579589
290 290 0.8283547171523584
291 291 0.1577311796870693
292 292 0.9879370005745147
293 293 0.2571686558691639
294 294 0.2335991930373009
295 295 0.1016373779166664
296 296 0.2194106454120067
297 297 0.6347174395968753
298 298 0.6960073046833311
299 299 0.7947698127454006
300 300 0.6962428119481741
301 301 0.7529404129613845
302 302 0.6695206419888514
303 303 0.6334299066259665
304 304 0.05644066261893169
305 305 0.5982166363849382
306 306 0.2270077216564714
307 307 0.3187778803141685
308 308 0.6998344402293835
309 309 0.1174369352485225
310 310 0.7625707219180514
311 311 0.5261232766910099
312 312 0.5539113458031376
313 313 0.5879889133330383
314 314 0.3296663883745979
315 315 0.7029894118676844
316 316 0.1430452601718927
317 317 0.1616877090007475
318 318 0.4853251755634906
319 319 0.8602256955859371
320 320 0.8132657128447973
321 321 0.5568357825078237
322 322 0.7389966089925712
323 323 0.3160073381457512
324 324 0.1353322156403829
325 325 0.5285482679161002
326 326 0.3107388658964722
327 327 0.5881191220079172
328 328 0.5180835870644467
329 329 0.4308477921555041
330 330 0.2588427575579112
331 331 0.3702262758138712
332 332 0.3930176037331194
333 333 0.4468659425372565
334 334 0.4758962236698234
335 335 0.3878312187212665
336 336 0.2792930483255969
337 337 0.07826320830651709
338 338 0.3697420076326197
339 339 0.2539222814393799
340 340 0.6717841516583153
341 341 0.6762369213049472
342 342 0.5139363722474949
343 343 0.7286083636472972
344 344 0.7207678201239406
345 345 0.9447528230700423
346 346 0.4606973381995677
347 347 0.9401631201338783
348 348 0.321560090091806
349 349 0.4604341729825522
350 350 0.5171453177543103
351 351 0.6613554966921711
352 352 0.4018329053194415
353 353 0.6056397038538194
354 354 0.9865026711423428
355 355 0.1503938893556566
356 356 0.6700984005211379
357 357 0.3438175587653264
358 358 0.54171016884116
359 359 0.5228077133758029
360 360 0.8292387071201758
361 361 0.01495056879471548
362 362 0.2742097327831247
363 363 0.6429788859761222
364 364 0.5461366006853695
365 365 0.9178477190052381
366 366 0.2666133210373173
367 367 0.9700866741920293
368 368 0.2467331454375447
369 369 0.8439753688145314
370 370 0.6940236658295726
371 371 0.4557515976278817
372 372 0.8171013318081858
373 373 0.02208370017916136
374 374 0.1607489111650497
375 375 0.7069499509907095
376 376 0.7078263008537825
377 377 0.4366384495220326
378 378 0.5824211168021062
379 379 0.7517100929989061
380 380 0.9915330326145203
381 381 0.6956791522426899
382 382 0.2795117428896537
383 383 0.7538627464109393
384 384 0.1711789286561212
385 385 0.004253923429294454
386 386 0.4956910761518828
387 387 0.07991688469420974
388 388 0.1630810555830044
389 389 0.9033011835549498
390 390 0.7829920080411211
391 391 0.7466791471218127
392 392 0.4364256763069079
393 393 0.006341690200540093
394 394 0.5847872004773408
395 395 0.5184784226671226
396 396 0.06684976633025788
397 397 0.5440227126442002
398 398 0.3897314110723005
399 399 0.2158258921540463
400 400 0.385769433055897
401 401 0.6268613704605314
402 402 0.6590533301509234
403 403 0.7093198465692437
404 404 0.5386612892796571
405 405 0.2802889231966291
406 406 0.8159321657456142
407 407 0.3719096865374175
408 408 0.686101634374867
409 409 0.310168938390058
410 410 0.009347521704317779
411 411 0.1037972844689141
412 412 0.520960069038421
413 413 0.7758803287408689
414 414 0.2206851477831067
415 415 0.05527879067476783
416 416 0.07063487082283705
417 417 0.160273919422307
418 418 0.7237637307139876
419 419 0.2970221099895528
420 420 0.05060259441407518
421 421 0.4778043173615841
422 422 0.4571618961436497
423 423 0.519988486319775
424 424 0.4464895764582276
425 425 0.1503115334316676
426 426 0.2859423860376433
427 427 0.8336821346700574
428 428 0.6956373996546666
429 429 0.5777759959817752
430 430 0.6811644656961618
431 431 0.3311749553918722
432 432 0.05747527119586024
433 433 0.9868829888230576
434 434 0.5423931491292981
435 435 0.001657416113492761
436 436 0.8561926194728318
437 437 0.02935547988366125
438 438 0.3775504046946533
439 439 0.4896517030380907
440 440 0.5761729611904235
441 441 0.7389587274468312
442 442 0.6793321988914778
443 443 0.5362667690665772
444 444 0.03558770196306878
445 445 0.1225068932969621
446 446 0.9733556420418227
447 447 0.1882757969146016
448 448 0.3513187437091576
449 449 0.6141255198112342
450 450 0.6076114674134233
451 451 0.1259328174059898
452 452 0.5528621424701354
453 453 0.9540284955660014
454 454 0.3569249777854071
455 455 0.8381016393369537
456 456 0.9742523361808864
457 457 0.2590141921578973
458 458 0.2515275977791881
459 459 0.4243358748146965
460 460 0.8130480106049441
461 461 0.8979142372952374
462 462 0.244586221056332
463 463 0.7606172937716438
464 464 0.6948564200172463
465 465 0.4518512298594468
466 466 0.2636202477214952
467 467 0.665503455170199
468 468 0.1165710455349512
469 469 0.2095623059242788
470 470 0.1136756693542356
471 471 0.54697483663772
472 472 0.006079370158761446
473 473 0.1759742583036303
474 474 0.5993593091142174
475 475 0.4319082826524546
476 476 0.0825065398041655
477 477 0.6874144886096075
478 478 0.3753100616742438
479 479 0.8362065590155342
480 480 0.1236373740824113
481 481 0.9733462030875246
482 482 0.02963529202604447
483 483 0.08035308172942748
484 484 0.4942446264877192
485 485 0.7694373790963727
486 486 0.9340304727358886
487 487 0.2501552720787727
488 488 0.3596578279322283
489 489 0.769114056960267
490 490 0.4999553312081635
491 491 0.7492516156049686
492 492 0.6719034727066305
493 493 0.6816657803401658
494 494 0.756770177165405
495 495 0.03636761896143091
496 496 0.2305718847692813
497 497 0.2216673173111245
498 498 0.5626020480704503
499 499 0.6526219200587934
500 500 0.6166104281398517
501 501 0.3714657464863108
502 502 0.2248011954244232
503 503 0.2336914982803592
504 504 0.6530115979970487
505 505 0.1659275363972073
506 506 0.7441042278633007
507 507 0.1597576984948282
508 508 0.04763860257698158
509 509 0.661993511329402
510 510 0.1249449132592161
511 511 0.9491571476446266
512 512 0.484180463237772
513 513 0.6210456372336697
514 514 0.9140249862866593
515 515 0.01794451988206456
516 516 0.5935456578589723
517 517 0.7218716357470824
518 518 0.4965820012132554
519 519 0.0536943911824815
520 520 0.4416326039664599
521 521 0.5191748642917605
522 522 0.7719441516194232
523 523 0.06535626764658664
524 524 0.4427903361817777
525 525 0.977180207137568
526 526 0.4677413611056941
527 527 0.3290561034013779
528 528 0.4459298669574456
529 529 0.7432739537876444
530 530 0.2053413089389639
531 531 0.1713793371670783
532 532 0.3725197670853323
533 533 0.939725403180218
534 534 0.9648512499243259
535 535 0.2549574781465146
536 536 0.07033520847108923
537 537 0.1238487735967379
538 538 0.5263378403737852
539 539 0.1600831622071952
540 540 0.5177072163288049
541 541 0.1051848382247541
542 542 0.8415760434426256
543 543 0.3685621402079994
544 544 0.423890475846776
545 545 0.3272275567647198
546 546 0.7135465446457018
547 547 0.5767758603099621
548 548 0.8718842295333205
549 549 0.758245766515958
550 550 0.8365978337063444
551 551 0.6997911025303375
552 552 0.3890602273815592
553 553 0.9352416018653855
554 554 0.6056025515336555
555 555 0.3620836261483299
556 556 0.5395046749801863
557 557 0.4550723919901403
558 558 0.4016921782874
559 559 0.2404404763320649
560 560 0.08308571301544351
561 561 0.4215786505591025
562 562 0.472379946835516
563 563 0.2897664645173431
564 564 0.1049691429850502
565 565 0.2163861497381638
566 566 0.8020186493182642
567 567 0.5274390920658778
568 568 0.6688203512080109
569 569 0.863642753038389
570 570 0.2437503162043869
571 571 0.7115644471308051
572 572 0.263662927441142
573 573 0.382821503273594
574 574 0.08100551929371688
575 575 0.4597627694996832
576 576 0.2328669811752005
577 577 0.7953526115954633
578 578 0.4913430849515568
579 579 0.003228780815018705
580 580 0.2661191580193672
581 581 0.6646888315047551
582 582 0.4251911004191223
583 583 0.1868247441886108
584 584 0.9634755779818983
585 585 0.1340391417658139
586 586 0.7958556580337955
587 587 0.9460445740008935
588 588 0.1711552330158442
589 589 0.6060012972941629
590 590 0.06380362299448047
591 591 0.3474916682334112
592 592 0.2924679989425782
593 593 0.5096582279119912
594 594 0.8258365168356506
595 595 0.8343384567808073
596 596 0.726443115028759
597 597 0.3294342883533958
598 598 0.8020843555229178
599 599 0.6317632736786097
600 600 0.0453407163942888
601 601 0.04142043881184442
602 602 0.1533151106691524
603 603 0.7670650164443371
604 604 0.06173137997357705
605 605 0.5193032159094249
606 606 0.9291497897026827
607 607 0.2205155329874323
608 608 0.2045629197752862
609 609 0.08899266323493452
610 610 0.6996909895444713
611 611 0.7064612739283876
612 612 0.4946309144118013
613 613 0.2617785191451099
614 614 0.711571271862635
615 615 0.3783661953072838
616 616 0.2006445295180402
617 617 0.2326076097006945
618 618 0.4360962395724357
619 619 0.4694984939272974
620 620 0.8611874360876099
621 621 0.9772383244602189
622 622 0.4445192028975669
623 623 0.03424309940740611
624 624 0.5237717402743975
625 625 0.03163879179937708
626 626 0.7531737721307081
627 627 0.591588200811105
628 628 0.8228910322407684
629 629 0.3295788705952367
630 630 0.2320780941434568
631 631 0.5365282690788286
632 632 0.4306184078709308
633 633 0.4035810867341147
634 634 0.9873247402661129
635 635 0.9669096525604416
636 636 0.8505305833418531
637 637 0.8675142265239331
638 638 0.3116051877437184
639 639 0.1483904086744368
640 640 0.9975985912594938
641 641 0.6395232983117566
642 642 0.4680747256931265
643 643 0.9319147243778756
644 644 0.6907726189544297
645 645 0.8154067670998195
646 646 0.5415346466663921
647 647 0.572806522051248
648 648 0.1592161153253243
649 649 0.9452502727253597
650 650 0.8213336951198679
651 651 0.1554138796196384
652 652 0.04107476726224402
653 653 0.3436133765352952
654 654 0.110019428706737
655 655 0.09653827412824066
656 656 0.5187732733407865
657 657 0.02240503859818216
658 658 0.5614837196476216
659 659 0.8568761175763216
660 660 0.5169081052378324
661 661 0.6745247322481707
662 662 0.7371748950039851
663 663 0.6984603319775594
664 664 0.02279954684097299
665 665 0.1919837562329992
666 666 0.6709910080167423
667 667 0.3458717373879029
668 668 0.06629027848424869
669 669 0.1407104847676635
670 670 0.9211174901207525
671 671 0.2216564594868833
672 672 0.3801145960484233
673 673 0.5860157858515231
674 674 0.1673128065500934
675 675 0.02633968741928213
676 676 0.6911264558747068
677 677 0.7623438861977048
678 678 0.7136953248240497
679 679 0.07732431780422308
680 680 0.5898093355772129
681 681 0.9255030462171431
682 682 0.9296977715239384
683 683 0.4304460028328216
684 684 0.5059696112321548
685 685 0.8312559788260869
686 686 0.9192361300435086
687 687 0.6016376412481245
688 688 0.7238364572282119
689 689 0.5193366345573853
690 690 0.490817005974621
691 691 0.1614194154559725
692 692 0.9761155685298682
693 693 0.5743602814964766
694 694 0.2732511112807556
695 695 0.5314272956603334
696 696 0.6985581632231167
697 697 0.6670492909229591
698 698 0.09743254217199634
699 699 0.5487362847424747
700 700 0.6107376667720906
701 701 0.6679654385279703
702 702 0.4951253395970563
703 703 0.5715826077254408
704 704 0.5888880414836518
705 705 0.4413132157369113
706 706 0.1512168902676631
707 707 0.5022747286140335
708 708 0.7313638160616922
709 709 0.03165654886125426
710 710 0.05161671110038493
711 711 0.5220634641694201
712 712 0.3206422954428207
713 713 0.03505950748690381
714 714 0.2451423323923453
715 715 0.1071805181480853
716 716 0.3829685148703719
717 717 0.5518294263406793
718 718 0.5971685077981876
719 719 0.6111105641401887
720 720 0.9352515041526647
721 721 0.7720302938353412
722 722 0.513148490578471
723 723 0.4866811523617623
724 724 0.6501277441392316
725 725 0.6969957480658757
726 726 0.4075377431733244
727 727 0.486849514062912
728 728 0.4797828553615989
729 729 0.7104500623934205
730 730 0.5341986462167458
731 731 0.2766469648464802
732 732 0.6055381747919778
733 733 0.280103728771258
734 734 0.7033694585335298
735 735 0.5304895730365485
736 736 0.9382540252703494
737 737 0.2354027187616577
738 738 0.4134942271809532
739 739 0.5974762302811613
740 740 0.7830023354771558
741 741 0.9202523645573539
742 742 0.6814911154478281
743 743 0.8211773316474525
744 744 0.5274129987356313
745 745 0.2302697497560967
746 746 0.1436841507180054
747 747 0.8995211175175016
748 748 0.2514221166499994
749 749 0.6515145365388666
750 750 0.004815608730919477
751 751 0.9359359405636489
752 752 0.2753530532472548
753 753 0.8587659266119664
754 754 0.2789285673196095
755 755 0.9524309406766812
756 756 0.506819952980997
757 757 0.1229497516168979
758 758 0.4164754252026209
759 759 0.7024713804491197
760 760 0.4364912083542399
761 761 0.1077388097102469
762 762 0.7661748001194442
763 763 0.09986560749815107
764 764 0.44126522142499
765 765 0.3445764898064437
766 766 0.2970641768989452
767 767 0.757621140572066
768 768 0.338509594713575
769 769 0.330758351055327
770 770 0.05560618688147803
771 771 0.5731829170012767
772 772 0.4852860404575644
773 773 0.2024819702852899
774 774 0.1144745848674674
775 775 0.9743478675253446
776 776 0.8646094984675802
777 777 0.4918407446201149
778 778 0.3673948302713199
779 779 0.8049123700731026
780 780 0.1622038186351787
781 781 0.1595798014474939
782 782 0.05772292802935602
783 783 0.1492513893867151
784 784 0.4681014225204016
785 785 0.3806083003900053
786 786 0.8837046548182632
787 787 0.4241335305497672
788 788 0.4122479499374739
789 789 0.6512945991248333
790 790 0.3083274910730903
791 791 0.06014246542944688
792 792 0.8144164727136569
793 793 0.8976568984322515
794 794 0.9194919508506972
795 795 0.9012179476680318
796 796 0.7700464566098743
797 797 0.1707962421564368
798 798 0.5724419232329548
799 799 0.03140377627285373
800 800 0.8032678178526776
801 801 0.5222146499539794
802 802 0.8616217765312744
803 803 0.2771981611276037
804 804 0.869494071635182
805 805 0.5868619725046968
806 806 0.3891718864390495
807 807 0.811895381106015
808 808 0.5256702487942159
809 809 0.9398714843857435
810 810 0.4200380711909561
811 811 0.5798625063988672
812 812 0.7491450457596895
813 813 0.8807840831022635
814 814 0.3380846997434668
815 815 0.1895485884461313
816 816 0.7431260141279203
817 817 0.7189194479579663
818 818 0.8791618295382531
819 819 0.07286904941912231
820 820 0.7101135871885873
821 821 0.879059878587285
822 822 0.3593794164989979
823 823 0.0898530986578451
824 824 0.1610291424025917
825 825 0.4167963603589667
826 826 0.09642855315302896
827 827 0.6746928429578863
828 828 0.562611593195522
829 829 0.8130468371384996
830 830 0.8781917867614849
831 831 0.7693601002774015
832 832 0.6352053622879112
833 833 0.8965239729250427
834 834 0.8784129511930109
835 835 0.4864707009338172
836 836 0.1130705946651616
837 837 0.3774845373711943
838 838 0.3826195976615975
839 839 0.6875778984686257
840 840 0.1217395621918792
841 841 0.0768217589132589
842 842 0.1433020551424949
843 843 0.4776407799113732
844 844 0.7085879704489316
845 845 0.2380193351944999
846 846 0.3909666139590399
847 847 0.9758808095827144
848 848 0.6287666566803897
849 849 0.6811988273082296
850 850 0.9086905694141474
851 851 0.3624001435760409
852 852 0.8592130825199248
853 853 0.7942779123756466
854 854 0.4288732974924488
855 855 0.07351095558773305
856 856 0.4986305630293817
857 857 0.4838728348183785
858 858 0.4507347924871066
859 859 0.4996573308015509
860 860 0.7407587816662895
861 861 0.9328434653267467
862 862 0.3001217466313959
863 863 0.1461956338706406
864 864 0.1100184638565492
865 865 0.08032203702271079
866 866 0.9724762407003326
867 867 0.4081774504893355
868 868 0.2384103742606986
869 869 0.9631601995616966
870 870 0.8334740334346303
871 871 0.1980799358329177
872 872 0.1294815438471183
873 873 0.1963074385171325
874 874 0.3391191574461382
875 875 0.5756791972441968
876 876 0.4402680832148846
877 877 0.5856745925665249
878 878 0.4328772655841323
879 879 0.3682026725114336
880 880 0.3823168996639163
881 881 0.600132651440861
882 882 0.4294727665509436
883 883 0.1487874217092932
884 884 0.6701966680913217
885 885 0.9954006108433943
886 886 0.6980664449269262
887 887 0.4027398868476692
888 888 0.8492782487763456
889 889 0.8195271840409968
890 890 0.7933821770331739
891 891 0.3742493965543105
892 892 0.00960788829699526
893 893 0.4797786075993342
894 894 0.63905792200894
895 895 0.6464952042542841
896 896 0.6448979017533818
897 897 0.7990347690875804
898 898 0.3773640549636278
899 899 0.3576717736933714
900 900 0.3895004644941075
901 901 0.3343067524648768
902 902 0.6935886771853961
903 903 0.1448974549513764
904 904 0.2915253677831615
905 905 0.6668563315956184
906 906 0.85436512755899
907 907 0.3146988839445165
908 908 0.1441424554885097
909 909 0.6022493953827067
910 910 0.005588197151938546
911 911 0.9208295326311279
912 912 0.3819549313662364
913 913 0.5165314723348857
914 914 0.344455532424364
915 915 0.2641334562861051
916 916 0.2909998005679807
917 917 0.833648146052681
918 918 0.1243907074091913
919 919 0.6346194262777546
920 920 0.04869745022090965
921 921 0.4580458628284027
922 922 0.3768165569644498
923 923 0.1558729015085254
924 924 0.7558556537869645
925 925 0.6659731975132475
926 926 0.01153060515016811
927 927 0.7948807588754598
928 928 0.560914419852623
929 929 0.2886544630344279
930 930 0.4155602196303942
931 931 0.3206113280358777
932 932 0.5145902989965818
933 933 0.7191552355509043
934 934 0.8420439040484111
935 935 0.2318953416458775
936 936 0.4650070422631721
937 937 0.3733593171338361
938 938 0.05004306838384041
939 939 0.07385032720577453
940 940 0.2024493474524698
941 941 0.5661826336598874
942 942 0.8315239217279125
943 943 0.4225524810247833
944 944 0.8395485835334047
945 945 0.2930434459322335
946 946 0.1811957830475624
947 947 0.3575256803806525
948 948 0.9341101576267323
949 949 0.589419232490202
950 950 0.3690404628259318
951 951 0.4630587154361693
952 952 0.6278303356970801
953 953 0.9444520608263333
954 954 0.4057863081832352
955 955 0.05048163563501166
956 956 0.4448501176409657
957 957 0.5959271917100657
958 958 0.7483110710737813
959 959 0.864171537041744
960 960 0.1310230605914365
961 961 0.1045793602730051
962 962 0.6653081083974373
963 963 0.8333778357288697
964 964 0.5812850951129966
965 965 0.6585935641352989
966 966 0.9820324219679611
967 967 0.01891601552204975
968 968 0.9214728790901009
969 969 0.1946788673264342
970 970 0.9677231553791664
971 971 0.5230724576502445
972 972 0.2787957276584561
973 973 0.7197947556710778
974 974 0.5904585638039087
975 975 0.8370818522931458
976 976 0.8346914909010248
977 977 0.6598875735233946
978 978 0.7304482076924519
979 979 0.6430266870386091
980 980 0.3495290579039273
981 981 0.5348761913063359
982 982 0.6641472855881543
983 983 0.3234288801082544
984 984 0.8691879794323761
985 985 0.4423703199449788
986 986 0.9179673152593744
987 987 0.2766675643048564
988 988 0.9517532717211886
989 989 0.1172378180163157
990 990 0.4160074002184008
991 991 0.8363754706626644
992 992 0.9625354274001603
993 993 0.3329283144944014
994 994 0.5261817074037072
995 995 0.5359563341066038
996 996 0.8181073296899476
997 997 0.9298900989489118
998 998 0.6628930343607874
999 999 0.2432285017535223
1000 1000 0.9414289714495786
1001 1001 0.5967231530680894
1002 1002 0.1260336153796099
1003 1003 0.246973685103922
1004 1004 0.8867255416171278
1005 1005 0.1961779590678299
1006 1006 0.1629580530165499
1007 1007 0.8359970491547124
1008 1008 0.6024051432508999
1009 1009 0.6232426178749849
1010 1010 0.8386786248715029
1011 1011 0.6716482153495998
1012 1012 0.3915553807241635
1013 1013 0.8712838310148957
1014 1014 0.6673478673525843
1015 1015 0.1156065948845849
1016 1016 4.022521900023577e-05
1017 1017 0.6760652557369625
1018 1018 0.6287531711295029
1019 1019 0.4545471735552639
1020 1020 0.5743459433197723
1021 1021 0.03226937541378167
1022 1022 0.3513925794285688
1023 1023 0.8550824559550185
1024 1024 0.3708372359959582
1025 1025 0.6614253840695253
1026 1026 0.5764300565125561
1027 1027 0.05995980652978635
1028 1028 0.7444683461191451
1029 1029 0.2794932244715715
1030 1030 0.4426236937021016
1031 1031 0.176420051221
1032 1032 0.09180087134791579
1033 1033 0.8972447444206312
1034 1034 0.9924194775486456
1035 1035 0.5941591600860279
1036 1036 0.03300356587069275
1037 1037 0.6909315887330713
1038 1038 0.4872118367288317
1039 1039 0.5693399014739972
1040 1040 0.8957240734695103
1041 1041 0.4345028020602199
1042 1042 0.6885942261147286
1043 1043 0.2031583102434679
1044 1044 0.481720261965748
1045 1045 0.2724428583273864
1046 1046 0.9471199083827063
1047 1047 0.2443001881448087
1048 1048 0.9532621498002029
1049 1049 0.4769516920097879
1050 1050 0.1270876085046155
1051 1051 0.9614361370734107
1052 1052 0.8571557928142863
1053 1053 0.2174098297103354
1054 1054 0.007007941606923911
1055 1055 0.7824745875701655
1056 1056 0.05039329177252636
1057 1057 0.9600548208505171
1058 1058 0.6413740346400878
1059 1059 0.5734001959550196
1060 1060 0.1370934160133327
1061 1061 0.129042936083415
1062 1062 0.8246267539563713
1063 1063 0.5018537447330792
1064 1064 0.6558877288624122
1065 1065 0.5050589905609651
1066 1066 0.5264543581411496
1067 1067 0.1183972783006715
1068 1068 0.9030563993859367
1069 1069 0.6689044794388602
1070 1070 0.2775859289232576
1071 1071 0.3867074131903739
1072 1072 0.3914934906137611
1073 1073 0.8310967454831566
1074 1074 0.2430013354136615
1075 1075 0.1234442974084263
1076 1076 0.728306543421143
1077 1077 0.6480752791501933
1078 1078 0.2012166772974733
1079 1079 0.8486953386332352
1080 1080 0.02255640878461134
1081 1081 0.1055624429628078
1082 1082 0.1879788759108534
1083 1083 0.360967433713827
1084 1084 0.7796584282906998
1085 1085 0.7192042817916741
1086 1086 0.666364072666673
1087 1087 0.5809693087735071
1088 1088 0.3511725563328585
1089 1089 0.157154286353455
1090 1090 0.2920907425191676
1091 1091 0.1691095196498137
1092 1092 0.2236967544181723
1093 1093 0.6713515062217374
1094 1094 0.4047650687418715
1095 1095 0.8865103446350016
1096 1096 0.5793622804709535
1097 1097 0.3418478753146938
1098 1098 0.4372404140593672
1099 1099 0.6996390957849282
1100 1100 0.8342828572887382
1101 1101 0.7919824518226005
1102 1102 0.8490677824472392
1103 1103 0.2822195907506252
1104 1104 0.2646617457571727
1105 1105 0.1699609408015203
1106 1106 0.5335320511523318
1107 1107 0.07318371724019931
1108 1108 0.9987356560298873
1109 1109 0.7501708943164772
1110 1110 0.1222207770320684
1111 1111 0.1645995779729446
1112 1112 0.4251069912803858
1113 1113 0.7732024494433787
1114 1114 0.2135677948657273
1115 1115 0.4339283082792201
1116 1116 0.03307724885320163
1117 1117 0.929321475759764
1118 1118 0.1060430943528391
1119 1119 0.2662867881666341
1120 1120 0.4820487166205648
1121 1121 0.7927802418325004
1122 1122 0.2575244788348323
1123 1123 0.2139157770266364
1124 1124 0.2824644866783472
1125 1125 0.3806276029816957
1126 1126 0.2081233133599736
1127 1127 0.9285276410768403
1128 1128 0.7640635784548072
1129 1129 0.6165630899446845
1130 1130 0.5758527003116219
1131 1131 0.3563341374305701
1132 1132 0.9078477955925501
1133 1133 0.197900523989415
1134 1134 0.1141066900985812
1135 1135 0.7911404868546597
1136 1136 0.6981625662642357
1137 1137 0.01825120300904438
1138 1138 0.7479689730089013
1139 1139 0.114529360604719
1140 1140 0.8949636835115793
1141 1141 0.6546287791126542
1142 1142 0.3458905463786286
1143 1143 0.382412985610968
1144 1144 0.2150491635385198
1145 1145 0.3312915919028649
1146 1146 0.01778511145049013
1147 1147 0.9143681483875812
1148 1148 0.7854699500768771
1149 1149 0.393450942073693
1150 1150 0.7299834325583574
1151 1151 0.8315510083136852
1152 1152 0.8777967281070522
1153 1153 0.1296092952273829
1154 1154 0.3434248866249923
1155 1155 0.9420695062456976
1156 1156 0.3621914714398754
1157 1157 0.35206048998612
1158 1158 0.08065519671917669
1159 1159 0.571891259202683
1160 1160 0.776393419493173
1161 1161 0.8442014217582537
1162 1162 0.4932954909714384
1163 1163 0.817316756964343
1164 1164 0.6427342997131563
1165 1165 0.4353752790183645
1166 1166 0.3523144616523359
1167 1167 0.3491569908099049
1168 1168 0.2815445420711974
1169 1169 0.9191185906152793
1170 1170 0.6261524709994684
1171 1171 0.7445800880643446
1172 1172 0.1575400974403788
1173 1173 0.776417680446253
1174 1174 0.2519552601743281
1175 1175 0.6120577499326587
1176 1176 0.8546031181954793
1177 1177 0.3146075114210171
1178 1178 0.6084444530347569
1179 1179 0.1259221551594893
1180 1180 0.3736617655370672
1181 1181 0.133293381488553
1182 1182 0.2618626781096042
1183 1183 0.1260309881186257
1184 1184 0.2028173097422427
1185 1185 0.7505248378731891
1186 1186 0.07095013469036208
1187 1187 0.4589137409156718
1188 1188 0.9632435696959698
1189 1189 0.2346758801651541
1190 1190 0.1975179357442623
1191 1191 0.6839460538159805
1192 1192 0.08132648518370766
1193 1193 0.8542364825747145
1194 1194 0.1525626332278189
1195 1195 0.1201766599529314
1196 1196 0.8091238289182651
1197 1197 0.9441926292815211
1198 1198 0.04552033452574179
1199 1199 0.06026237414230703
1200 1200 0.8297222097542706
1201 1201 0.1411793400259592
1202 1202 0.8011678162967636
1203 1203 0.2274884997063729
1204 1204 0.3992145650085129
1205 1205 0.5991940980773391
1206 1206 0.655206385839361
1207 1207 0.05372680213941578
1208 1208 0.9863635571610013
1209 1209 0.8123052049485525
1210 1210 0.4135795703221017
1211 1211 0.03183840356387124
1212 1212 0.1080486979838687
1213 1213 0.9744670148819997
1214 1214 0.8671191217690329
1215 1215 0.6710795721370166
1216 1216 0.8343689068380599
1217 1217 0.2382172272718592
1218 1218 0.7169387581371417
1219 1219 0.5897080109406766
1220 1220 0.2225398799509462
1221 1221 0.227762335551792
1222 1222 0.00157361896781885
1223 1223 0.4478139921314148
1224 1224 0.4097657526888725
1225 1225 0.9330054418803218
1226 1226 0.02246168256851923
1227 1227 0.5134989291026718
1228 1228 0.3765014286043595
1229 1229 0.8595105534696535
1230 1230 0.7938721644663588
1231 1231 0.6094681860923153
1232 1232 0.3318036535437236
1233 1233 0.6240051093623066
1234 1234 0.6538730522868563
1235 1235 0.644389785194951
1236 1236 0.2591197715416177
1237 1237 0.02600029996875687
1238 1238 0.9870415748967982
1239 1239 0.2077492904885436
1240 1240 0.6423252409521142
1241 1241 0.5603246821837149
1242 1242 0.3769334616963442
1243 1243 0.1206907304565845
1244 1244 0.4491067838152437
1245 1245 0.1377155827999653
1246 1246 0.5858001190171578
1247 1247 0.5426003213704566
1248 1248 0.4836012732626876
1249 1249 0.8865997259908355
1250 1250 0.08159472797140234
1251 1251 0.3625930153590595
1252 1252 0.1008091397121591
1253 1253 0.2992111422583513
1254 1254 0.8416679361097831
1255 1255 0.9130021971245307
1256 1256 0.827927071986686
1257 1257 0.9702988802317059
1258 1258 0.8132800542811305
1259 1259 0.7978723029596136
1260 1260 0.8397958422264996
1261 1261 0.448720300779082
1262 1262 0.6420951940315287
1263 1263 0.6939260879037558
1264 1264 0.8157593984230233
1265 1265 0.4682092957516244
1266 1266 0.1936336975515046
1267 1267 0.4015547481372742
1268 1268 0.9306519431670438
1269 1269 0.4672088085055393
1270 1270 0.3784445525977968
1271 1271 0.5175955111708471
1272 1272 0.2277562484274415
1273 1273 0.8992673200086073
1274 1274 0.9858473846622964
1275 1275 0.1369940192145268
1276 1276 0.4584809385512401
1277 1277 0.6891342306924677
1278 1278 0.2790152483056371
1279 1279 0.409278272841721
1280 1280 0.7399316508043239
1281 1281 0.03125506827200533
1282 1282 0.3039324475936277
1283 1283 0.1926467061008544
1284 1284 0.8131894370602395
1285 1285 0.2748686714446492
1286 1286 0.7177609702189272
1287 1287 0.4086264695081052
1288 1288 0.7850730227236976
1289 1289 0.7222929171855994
1290 1290 0.5770591383693083
1291 1291 0.6329385729659994
1292 1292 0.7985958395519275
1293 1293 0.0002753492446035842
1294 1294 0.6277947540524391
1295 1295 0.3464313593443629
1296 1296 0.4718565007074999
1297 1297 0.4922073909510893
1298 1298 0.5296197149574848
1299 1299 0.3185492904477517
1300 1300 0.8579245553621671
1301 1301 0.1380019719423735
1302 1302 0.3991424354720592
1303 1303 0.3869129789000903
1304 1304 0.8464363738179376
1305 1305 0.05613475807762461
1306 1306 0.4568790106367688
1307 1307 0.7655317721727918
1308 1308 0.2924949081114004
1309 1309 0.961920628306419
1310 1310 0.9999999459832907
1311 1311 0.9990921411659066
1312 1312 0.7416165753927159
1313 1313 0.3497826253761456
1314 1314 0.7965846968798826
1315 1315 0.1990004601883704
1316 1316 0.6007343859415196
1317 1317 0.5428245191196094
1318 1318 0.2516928432750017
1319 1319 0.2016169229529877
1320 1320 0.5756240708639957
1321 1321 0.5137590111763025
1322 1322 0.7477008401172706
1323 1323 0.6080198509655985
1324 1324 0.9896351788144723
1325 1325 0.7984503348350759
1326 1326 0.5547775731211424
1327 1327 0.1466714470398945
1328 1328 0.1070103995068978
1329 1329 0.5237845124321917
1330 1330 0.2463004478469027
1331 1331 0.5716269628944001
1332 1332 0.3343653661824602
1333 1333 0.6787094286078166
1334 1334 0.06936661157261888
1335 1335 0.8446407010055337
1336 1336 0.8762618000042912
1337 1337 0.3320726721231232
1338 1338 0.1454003733328545
1339 1339 0.7440746052861561
1340 1340 0.6618910444257273
1341 1341 0.4027836631996481
1342 1342 0.5850273964856879
1343 1343 0.555452734956263
1344 1344 0.4941164099118283
1345 1345 0.6145013880983468
1346 1346 0.9248297689132531
1347 1347 0.6139261250449001
1348 1348 0.256383629635155
1349 1349 0.0396632780505639
1350 1350 0.6207141958273548
1351 1351 0.3434892703515893
1352 1352 0.02416679916166086
1353 1353 0.1713935100340254
1354 1354 0.6107231418652103
1355 1355 0.4238453285879666
1356 1356 0.5684375779556285
1357 1357 0.7303727002490185
1358 1358 0.3739730852534869
1359 1359 0.3656438553545828
1360 1360 0.3762769444735148
1361 1361 0.0866057663627927
1362 1362 0.5831152594569676
1363 1363 0.4181656932542872
1364 1364 0.1108065248051689
1365 1365 0.3252624004731245
1366 1366 0.6851647518040448
1367 1367 0.5639835705812944
1368 1368 0.8718707598149175
1369 1369 0.5318602093178127
1370 1370 0.9745380044796216
1371 1371 0.06024128899920791
1372 1372 0.4753442096874789
1373 1373 0.1101322174585109
1374 1374 0.9921788251922368
1375 1375 0.5495150059226505
1376 1376 0.6987045419862049
1377 1377 0.1272371621463621
1378 1378 0.4749841939075776
1379 1379 0.05934700465730718
1380 1380 0.4451072753617108
1381 1381 0.9179770042737839
1382 1382 0.4395108294857251
1383 1383 0.8585111665811908
1384 1384 0.9971767300726737
1385 1385 0.5493023314277187
1386 1386 0.1242843056676371
1387 1387 0.8463253559760402
1388 1388 0.1902578893072241
1389 1389 0.664345586516124
1390 1390 0.656272576496132
1391 1391 0.973193170490299
1392 1392 0.4576164304547088
1393 1393 0.1593466522914109
1394 1394 0.1391850617431035
1395 1395 0.2833327163398884
1396 1396 0.9729635245040821
1397 1397 0.5979563401071152
1398 1398 0.8522081802842245
1399 1399 0.062886036961752
1400 1400 0.9256232161659855
1401 1401 0.9493941017190898
1402 1402 0.4666675927427912
1403 1403 0.2822312280918617
1404 1404 0.4602505399194781
1405 1405 0.43082442666908
1406 1406 0.8661390272277123
1407 1407 0.1986306161613346
1408 1408 0.384765823550879
1409 1409 0.7591964196223749
1410 1410 0.8142245932548421
1411 1411 0.6727388341318531
1412 1412 0.7215852540552548
1413 1413 0.6833649066665046
1414 1414 0.3139863439435076
1415 1415 0.1684826585317415
1416 1416 0.68804194298016
1417 1417 0.9209356675487643
1418 1418 0.1657644920822999
1419 1419 0.003818427214314429
1420 1420 0.1763061909826036
1421 1421 0.1781518446179814
1422 1422 0.1980524944132438
1423 1423 0.6682736033891671
1424 1424 0.6744521617304776
1425 1425 0.5174822041380602
1426 1426 0.3234049483777047
1427 1427 0.4669673840827157
1428 1428 0.3208242782022917
1429 1429 0.09364374591672968
1430 1430 0.8704376224756416
1431 1431 0.4451209481084351
1432 1432 0.1477748584690387
1433 1433 0.6520462891329295
1434 1434 0.9419814571468074
1435 1435 0.8823502663906432
1436 1436 0.6609272275403735
1437 1437 0.2039132710564478
1438 1438 0.1703466457176705
1439 1439 0.01607457688826815
1440 1440 0.1654137611228105
1441 1441 0.109083191076798
1442 1442 0.3611924277437816
1443 1443 0.5611330897366317
1444 1444 0.9638392035681006
1445 1445 0.2454943690660849
1446 1446 0.0238608936890312
1447 1447 0.03004023154733713
1448 1448 0.8861716160951981
1449 1449 0.8863517119951322
1450 1450 0.9132235021857654
1451 1451 0.5474012361594481
1452 1452 0.1725761318451614
1453 1453 0.4870479216273166
1454 1454 0.814418790309885
1455 1455 0.9366087382364128
1456 1456 0.5830635393890848
1457 1457 0.5489065123484035
1458 1458 0.4717530396169764
1459 1459 0.7533368425226477
1460 1460 0.332312278138619
1461 1461 0.1724586757703026
1462 1462 0.5129636714760977
1463 1463 0.3804264987727751
1464 1464 0.8281648740303539
1465 1465 0.9670378281581392
1466 1466 0.004777853845049559
1467 1467 0.3013895737479392
1468 1468 0.454565981614667
1469 1469 0.8904529977079728
1470 1470 0.8435324778983055
1471 1471 0.2503560368206147
1472 1472 0.7339108440717267
1473 1473 0.8395563135107775
1474 1474 0.4229611756386986
1475 1475 0.7084789596071834
1476 1476 0.4058741179322238
1477 1477 0.5263000868848992
1478 1478 0.5255602744992638
1479 1479 0.09153350912571583
1480 1480 0.4036878759058601
1481 1481 0.7821303497916694
1482 1482 0.2647889485884407
1483 1483 0.3078589259217768
1484 1484 0.1849679673020579
1485 1485 0.7566264456867363
1486 1486 0.6206726569778624
1487 1487 0.6453458269337872
1488 1488 0.3273132761601886
1489 1489 0.1542324242900277
1490 1490 0.1843550424949988
1491 1491 0.4551992134448137
1492 1492 0.5331803669841869
1493 1493 0.1624279032286386
1494 1494 0.9257695637297675
1495 1495 0.4090576062021114
1496 1496 0.03118743888623427
1497 1497 0.167285360939468
1498 1498 0.5650613096379961
1499 1499 0.9854310857995559
1500 1500 0.1402590331343277
1501 1501 0.3335698886465141
1502 1502 0.3091184819625311
1503 1503 0.3543263442601666
1504 1504 0.1628679806193653
1505 1505 0.3221502696732759
1506 1506 0.3795823987478308
1507 1507 0.6413757547928839
1508 1508 0.6023108039993378
1509 1509 0.03768281686943156
1510 1510 0.3351031245361563
1511 1511 0.07821407917803809
1512 1512 0.5440287452861801
1513 1513 0.4911220248281593
1514 1514 0.2878712868727144
1515 1515 0.2527184697113551
1516 1516 0.4393204387460465
1517 1517 0.658614004803176
1518 1518 0.3255787269797077
1519 1519 0.001664347947418852
1520 1520 0.9726959522686415
1521 1521 0.1008697790563431
1522 1522 0.3183765999592731
1523 1523 0.9555155155041793
1524 1524 0.349269078741441
1525 1525 0.165406407399758
1526 1526 0.9854891677319487
1527 1527 0.1164420708624842
1528 1528 0.04188498577190795
1529 1529 0.9609558684569578
1530 1530 0.7852811560897535
1531 1531 0.2203904004862487
1532 1532 0.101460972382436
1533 1533 0.2545628316023214
1534 1534 0.4375107402156623
1535 1535 0.2430108046359433
1536 1536 0.2825935162988461
1537 1537 0.5492284347066788
1538 1538 0.882302115150868
1539 1539 0.8516493406387275
1540 1540 0.6704681150943358
1541 1541 0.5576103905018467
1542 1542 0.7578331645381792
1543 1543 0.9019963931767253
1544 1544 0.8533801212224086
1545 1545 0.7596973850204132
1546 1546 0.2339500380838057
1547 1547 0.9982900745227421
1548 1548 0.2612825037265581
1549 1549 0.3750401322613657
1550 1550 0.2995029167735497
1551 1551 0.7455222130499418
1552 1552 0.9918347303717558
1553 1553 0.7663133581012084
1554 1554 0.428609607009501
1555 1555 0.6416650086835329
1556 1556 0.4638009441382256
1557 1557 0.1024681311577876
1558 1558 0.1818803689358199
1559 1559 0.8633607043248418
1560 1560 0.5033575876165916
1561 1561 0.9309750720537151
1562 1562 0.8980360067906026
1563 1563 0.2911661296576104
1564 1564 0.6291411554576555
1565 1565 0.9753997768160886
1566 1566 0.5440489480011393
1567 1567 0.8306690551483394
1568 1568 0.05480987814013375
1569 1569 0.1896219012279166
1570 1570 0.9752939375933697
1571 1571 0.7652091317648111
1572 1572 0.8698775711794745
1573 1573 0.03233881342799347
1574 1574 0.5184372842863376
1575 1575 0.3754370004755617
1576 1576 0.9696669927656962
1577 1577 0.1931474130568781
1578 1578 0.2285712469502218
1579 1579 0.5969474923782737
1580 1580 0.8965044016467894
1581 1581 0.5494784775886119
1582 1582 0.08477283179982231
1583 1583 0.7769840596136562
1584 1584 0.7710899267211044
1585 1585 0.7083984016014255
1586 1586 0.05193571515937136
1587 1587 0.8835646835544914
1588 1588 0.07163650033606053
1589 1589 0.9946611481693858
1590 1590 0.2699172828672068
1591 1591 0.4997731491456615
1592 1592 0.6873176911321085
1593 1593 0.7484348573481826
1594 1594 0.9446474509055948
1595 1595 0.6897073703304433
1596 1596 0.9117731437607544
1597 1597 0.1712271869979926
1598 1598 0.8153318752606082
1599 1599 0.2828275050422305
1600 1600 0.4818772447676757
1601 1601 0.9108528103264295
1602 1602 0.7031831562999558
1603 1603 0.3993079333562907
1604 1604 0.1684359191769901
1605 1605 0.9024936076730926
1606 1606 0.2100641616666988
1607 1607 0.5483651322072209
1608 1608 0.3727770067624641
1609 1609 0.2631526567335951
1610 1610 0.8067017215335284
1611 1611 0.2358338140118093
1612 1612 0.6589120964794011
1613 1613 0.3356055292932342
1614 1614 0.5221308313878862
1615 1615 0.4528831362039238
1616 1616 0.6068701793471678
1617 1617 0.6671042878493221
1618 1618 0.02176588355645811
1619 1619 0.8192049333915138
1620 1620 0.3773155111713873
1621 1621 0.5417962575060298
1622 1622 0.9696999038428533
1623 1623 0.7462838868360425
1624 1624 0.793286053367558
1625 1625 0.7586989485466382
1626 1626 0.4532282233486084
1627 1627 0.4067498200604459
1628 1628 0.2442257559132882
1629 1629 0.7022796346350944
1630 1630 0.2138193120312967
1631 1631 0.661177310003516
1632 1632 0.4070492290924532
1633 1633 0.2763933568617298
1634 1634 0.3431487750928611
1635 1635 0.3014629857155788
1636 1636 0.688400921732374
1637 1637 0.9542915560092272
1638 1638 0.7781818470816043
1639 1639 0.9023039005241841
1640 1640 0.02165610996152093
1641 1641 0.9742401232822985
1642 1642 0.05375200559094176
1643 1643 0.4099579669581531
1644 1644 0.1635506656782472
1645 1645 0.7960380543004899
1646 1646 0.01157862833308923
1647 1647 0.6020063942307636
1648 1648 0.9214678364440183
1649 1649 0.1099271146161142
1650 1650 0.5450153530319293
1651 1651 0.07303840763542727
1652 1652 0.5565171286261255
1653 1653 0.383380819290588
1654 1654 0.4814298169135255
1655 1655 0.3909328656228878
1656 1656 0.4086725238751027
1657 1657 0.5591087688501499
1658 1658 0.9410780644701225
1659 1659 0.6990295493505101
1660 1660 0.5896359340239483
1661 1661 0.01114314050001238
1662 1662 0.282762383708154
1663 1663 0.3873829829447824
1664 1664 0.7457943529569517
1665 1665 0.5656901474882337
1666 1666 0.5543088347438299
1667 1667 0.2685855395479992
1668 1668 0.1171631832221351
1669 1669 0.1616204144254422
1670 1670 0.3543052484068578
1671 1671 0.8083099740596069
1672 1672 0.265734019813004
1673 1673 0.1916709971575397
1674 1674 0.4144492267698279
1675 1675 0.6481543204971376
1676 1676 0.5296645953923764
1677 1677 0.07285475967119204
1678 1678 0.4699457937245936
1679 1679 0.3789551292448096
1680 1680 0.09885721751435531
1681 1681 0.4932547637695702
1682 1682 0.1328146751657197
1683 1683 0.2162455102504443
1684 1684 0.4382907792172818
1685 1685 0.353126304854232
1686 1686 0.9938056850777034
1687 1687 0.8921491009612331
1688 1688 0.349939855444217
1689 1689 0.4391504509556808
1690 1690 0.8016292121268945
1691 1691 0.9821682167156451
1692 1692 0.3012183398479681
1693 1693 0.5766378248001625
1694 1694 0.551921416331046
1695 1695 0.1432442758899388
1696 1696 0.5065448822018433
1697 1697 0.4998351663815953
1698 1698 0.7296413754716708
1699 1699 0.08259755237148961
1700 1700 0.2170627076258244
1701 1701 0.172927067229956
1702 1702 0.3852189338697209
1703 1703 0.3746215483986873
1704 1704 0.2643639367373492
1705 1705 0.1646847446284652
1706 1706 0.8565029706137735
1707 1707 0.2454271056900859
1708 1708 0.89336533327278
1709 1709 0.7911563156131451
1710 1710 0.964196510130631
1711 1711 0.2507457655159504
1712 1712 0.2840810265783598
1713 1713 0.549813702492888
1714 1714 0.7188977979677253
1715 1715 0.5152904435597782
1716 1716 0.4864849091910221
1717 1717 0.3518687735087558
1718 1718 0.8584763616595773
1719 1719 0.4122104125154253
1720 1720 0.02040314675327537
1721 1721 0.9156874822991377
1722 1722 0.9595150016059704
1723 1723 0.56863199154317
1724 1724 0.997881866059211
1725 1725 0.4005228571596196
1726 1726 0.5876602817269323
1727 1727 0.8063549845509022
1728 1728 0.4082253470123863
1729 1729 0.04340723717743868
1730 1730 0.545435241211874
1731 1731 0.1300990479672789
1732 1732 0.5746991860562466
1733 1733 0.9692200473366399
1734 1734 0.6813355869061014
1735 1735 0.2072091308455957
1736 1736 0.5638621219265564
1737 1737 0.8306832196333833
1738 1738 0.292872378273342
1739 1739 0.3060616400586728
1740 1740 0.9779844661140742
1741 1741 0.9849219792452277
1742 1742 0.5837051745428262
1743 1743 0.3328685412802121
1744 1744 0.5215732965253169
1745 1745 0.08239470100141814
1746 1746 0.8077397308348397
1747 1747 0.681656141151514
1748 1748 0.5947643334952948
1749 1749 0.2041530554202167
1750 1750 0.2004024475814786
1751 1751 0.1639365019108804
1752 1752 0.2807876161675842
1753 1753 0.1974649285885808
1754 1754 0.7930547882770443
1755 1755 0.8718265722840217
1756 1756 0.7892003775523977
1757 1757 0.09074552314856346
1758 1758 0.1600075579062139
1759 1759 0.2470257297377222
1760 1760 0.7614397018968313
1761 1761 0.5170697800428932
1762 1762 0.3917931809051862
1763 1763 0.8679914734642913
1764 1764 0.3326945143438385
1765 1765 0.5967025768927776
1766 1766 0.7802098369133704
1767 1767 0.9867290030171764
1768 1768 0.9543537096839183
1769 1769 0.8227986576141784
1770 1770 0.7770385214952
1771 1771 0.6864307698264861
1772 1772 0.8419484737524523
1773 1773 0.6279983574654899
1774 1774 0.7683939224893199
1775 1775 0.3966552779994231
1776 1776 0.5852573363041772
1777 1777 0.4200512643065542
1778 1778 0.8015992002569136
1779 1779 0.4777587179456645
1780 1780 0.6907725127836561
1781 1781 0.8136223549086704
1782 1782 0.5509189500244889
1783 1783 0.2947930615836722
1784 1784 0.5869860367788868
1785 1785 0.4743201427507774
1786 1786 0.8986392123152684
1787 1787 0.4292413827168017
1788 1788 0.2599193212855231
1789 1789 0.4640328457877193
1790 1790 3.915419803892923e-05
1791 1791 0.6580646064402836
1792 1792 0.09184044184714577
1793 1793 0.5623061249788414
1794 1794 0.6790425193864119
1795 1795 0.6676233274245743
1796 1796 0.7452640248207674
1797 1797 0.6524651626369288
1798 1798 0.9819884388623705
1799 1799 0.2796919598615225
1800 1800 0.7827693926090232
1801 1801 0.005181579853026932
1802 1802 0.08681258982364674
1803 1803 0.05919716603085267
1804 1804 0.9267694805407755
1805 1805 0.2146594488130228
1806 1806 0.7813562004740146
1807 1807 0.253661366763367
1808 1808 0.2865911919095512
1809 1809 0.7381624238277611
1810 1810 0.2958572731799713
1811 1811 0.4731903357772111
1812 1812 0.9099734075879554
1813 1813 0.9230613307669113
1814 1814 0.8917861994783329
1815 1815 0.2506546323423528
1816 1816 0.7524057779239518
1817 1817 0.6839095678571191
1818 1818 0.4681069745999328
1819 1819 0.4739221010701368
1820 1820 0.2087526857893694
1821 1821 0.5063900619309349
1822 1822 0.8977708732233247
1823 1823 0.8350662644184503
1824 1824 0.9587060808943147
1825 1825 0.9731015907475267
1826 1826 0.9184356936805117
1827 1827 0.1487036883592157
1828 1828 0.262890253338446
1829 1829 0.3964878592623807
1830 1830 0.7714506228321467
1831 1831 0.7706179398906501
1832 1832 0.7757157421557772
1833 1833 0.4544784121469028
1834 1834 0.4186729529959489
1835 1835 0.6363210029137885
1836 1836 0.6470959720421098
1837 1837 0.7420021117394799
1838 1838 0.82949200544017
1839 1839 0.2721354329363142
1840 1840 0.7802213606332529
1841 1841 0.180408163080182
1842 1842 0.1199968886189148
1843 1843 0.7877070181014515
1844 1844 0.9918532310947092
1845 1845 0.07725500877818792
1846 1846 0.4249325350043049
1847 1847 0.8411158173536489
1848 1848 0.6335422627784043
1849 1849 0.9448105166409214
1850 1850 0.4303531839653632
1851 1851 0.9459629058586261
1852 1852 0.7985587659285212
1853 1853 0.3771789606554335
1854 1854 0.2467917358720637
1855 1855 0.8287048017739806
1856 1856 0.04160341529250304
1857 1857 0.2286008210985925
1858 1858 0.09400020404439428
1859 1859 0.8614293741348337
1860 1860 0.04349108414887035
1861 1861 0.9546512900640496
1862 1862 0.8242321064808555
1863 1863 0.8690136237391334
1864 1864 0.511974183615285
1865 1865 0.7501040220959596
1866 1866 0.9982993667937347
1867 1867 0.4174577022983961
1868 1868 0.2116025291437295
1869 1869 0.4037073186615981
1870 1870 0.108904745480467
1871 1871 0.3620572902085527
1872 1872 0.09687653514411139
1873 1873 0.2039261670801445
1874 1874 0.3870901159882034
1875 1875 0.8235794137341805
1876 1876 0.8992066303730042
1877 1877 0.9658366790813565
1878 1878 0.8170653203581764
1879 1879 0.4168392598707412
1880 1880 0.8174406475468728
1881 1881 0.7249633202911184
1882 1882 0.4585241328266096
1883 1883 0.415100416827528
1884 1884 0.5927056202631005
1885 1885 0.6033597619288413
1886 1886 0.6675187380367512
1887 1887 0.9874301836767374
1888 1888 0.7390970549262581
1889 1889 0.004202145619412021
1890 1890 0.6254614254578302
1891 1891 0.1301776697534033
1892 1892 0.8960955454484073
1893 1893 0.6778323513818124
1894 1894 0.3283296741211459
1895 1895 0.2368329540997897
1896 1896 0.4514595551655905
1897 1897 0.6807436680797225
1898 1898 0.2588294158963624
1899 1899 0.145992970162068
1900 1900 0.7038495138771131
1901 1901 0.5987797326402644
1902 1902 0.690966484924297
1903 1903 0.07371212266092753
1904 1904 0.8796455622090239
1905 1905 0.2029640470645223
1906 1906 0.21673901342635
1907 1907 0.7325986566639499
1908 1908 0.7856225510060892
1909 1909 0.9582147593415411
1910 1910 0.7154602532812675
1911 1911 0.7404768982624993
1912 1912 0.1952290978260474
1913 1913 0.215447162378322
1914 1914 0.02045809245689683
1915 1915 0.8391599230650626
1916 1916 0.7608269545067228
1917 1917 0.2186243944888117
1918 1918 0.4201981734578489
1919 1919 0.2707013060668024
1920 1920 0.6768510647475957
1921 1921 0.8358452128413344
1922 1922 0.05049222430702868
1923 1923 0.6228139282310446
1924 1924 0.6336917791672478
1925 1925 0.4577324639343342
1926 1926 0.1095213443550846
1927 1927 0.7252345759073433
1928 1928 0.01751727471943818
1929 1929 0.4128362095974554
1930 1930 0.5381747044335001
1931 1931 0.1022574138372472
1932 1932 0.6403543626146179
1933 1933 0.435772463882236
1934 1934 0.02780046874089188
1935 1935 0.2424781281698859
1936 1936 0.3299001512722579
1937 1937 0.6318424328378599
1938 1938 0.3757687059118267
1939 1939 0.5446402600708605
1940 1940 0.7688510109525412
1941 1941 0.0789410793590085
1942 1942 0.7627207868558917
1943 1943 0.0482646869720261
1944 1944 0.1845939388426924
1945 1945 0.4703301291308972
1946 1946 0.8384803029887752
1947 1947 0.3384523323450481
1948 1948 0.3683497232237596
1949 1949 0.8537982217286705
1950 1950 0.7867125937653299
1951 1951 0.2785634138987229
1952 1952 0.8152973958362347
1953 1953 0.7033318195973205
1954 1954 0.8978919721664358
1955 1955 0.8703762012861558
1956 1956 0.4128150164209376
1957 1957 0.1819809866985218
1958 1958 0.5544434420552307
1959 1959 0.5309306222623822
1960 1960 0.350968363858279
1961 1961 0.7252913660953246
1962 1962 0.9719899641219479
1963 1963 0.2353269975796933
1964 1964 0.1408483219057547
1965 1965 0.2377462700185116
1966 1966 0.8015602011240833
1967 1967 0.8223002924687696
1968 1968 0.401015522610869
1969 1969 0.8678885208758937
1970 1970 0.6023703611466895
1971 1971 0.03865979241144834
1972 1972 0.7551310592122055
1973 1973 0.4877121795377285
1974 1974 0.9786014906031086
1975 1975 0.3552525664471335
1976 1976 0.7298842769720985
1977 1977 0.1650430700578927
1978 1978 0.8788784630032621
1979 1979 0.3103276958271524
1980 1980 0.6775837669510318
1981 1981 0.1503711459927126
1982 1982 0.2878506995215317
1983 1983 0.9067068583828894
1984 1984 0.02216884122331107
1985 1985 0.591714440189169
1986 1986 0.9445962593632733
1987 1987 0.8293311185340076
1988 1988 0.5681092010662468
1989 1989 0.2113423204102285
1990 1990 0.03037913471012336
1991 1991 0.5821170730433041
1992 1992 0.6416466388114014
1993 1993 0.1550585032231447
1994 1994 0.06826367139269769
1995 1995 0.3075250970700407
1996 1996 0.5743064561739128
1997 1997 0.3686089149530087
1998 1998 0.2100336152175598
1999 1999 0.03497096152741973
2000 2000 0.756950391343306
2001 2001 0.0652273069439583
2002 2002 0.2753478071071896
2003 2003 0.7705940505352775
2004 2004 0.3742073464087245
2005 2005 0.3028710914323438
2006 2006 0.3544337034013279
2007 2007 0.9672530661184587
2008 2008 0.6222822529367554
2009 2009 0.6978251080484247
2010 2010 0.3465909698729361
2011 2011 0.1544306544374817
2012 2012 0.5160091307554436
2013 2013 0.5654606067414678
2014 2014 0.6964175038488664
2015 2015 0.6889871878963836
2016 2016 0.8076669745182931
2017 2017 0.4588407289510782
2018 2018 0.7361314807721094
2019 2019 0.1617973368437017
2020 2020 0.3278403320945056
2021 2021 0.0124615123553488
2022 2022 0.4406381563472739
2023 2023 0.805493728632803
2024 2024 0.933097131519158
2025 2025 0.5634894424879409
2026 2026 0.5670598948221002
2027 2027 0.5756522750368586
2028 2028 0.987786544481193
2029 2029 0.7284530954102302
2030 2030 0.1111745597381026
2031 2031 0.5108255182908967
2032 2032 0.4444859151004282
2033 2033 0.4747750928973663
